date,open,close,high,low,volume
2016-08-17,9.48,11.51,11.51,9.48,234
2016-08-18,12.74,12.74,12.74,12.74,42
2016-08-19,14.08,14.08,14.08,14.08,54
2016-08-22,15.56,15.56,15.56,15.56,83
2016-08-23,17.19,17.19,17.19,17.19,110
2016-08-24,18.98,18.98,18.98,18.98,116
2016-08-25,20.95,20.95,20.95,20.95,677
2016-08-26,23.11,23.11,23.11,23.11,504
2016-08-29,25.5,25.5,25.5,25.5,950
2016-08-30,28.12,28.12,28.12,28.12,1031
2016-08-31,31.01,31.01,31.01,31.01,6412
2016-09-01,34.18,34.18,34.18,34.18,40124
2016-09-02,37.65,37.67,37.67,36.32,341985
2016-09-05,40.1,36.97,40.58,36.8,538677
2016-09-06,35.96,37.47,38.36,35.75,343115
2016-09-07,37.29,35.02,37.46,34.97,287490
2016-09-08,34.8,34.26,35.54,33.94,168406
2016-09-09,34.12,33.16,34.58,33.04,145372
2016-09-12,32.04,31.99,32.73,31.74,123415
2016-09-13,32.33,32.03,32.43,31.43,98693
2016-09-14,31.87,32.27,33.09,31.87,129824
2016-09-19,32.08,33.24,33.33,31.96,122684
2016-09-20,33.14,34.72,35.71,33.14,222640
2016-09-21,34.37,34.03,34.61,33.73,114647
2016-09-22,34.37,34.22,34.5,33.56,107260
2016-09-23,34.12,33.95,35.51,33.76,137147
2016-09-26,33.0,30.8,33.0,30.63,159912
2016-09-27,30.52,30.91,31.01,29.84,80972
2016-09-28,30.75,30.91,31.43,30.47,57881
2016-09-29,31.07,30.8,31.36,30.74,43666
2016-09-30,30.66,30.74,31.0,30.4,45144
2016-10-10,30.91,31.73,31.81,30.54,80162
2016-10-11,31.52,32.55,32.96,31.52,103053
2016-10-12,32.3,32.51,33.41,32.22,77628
2016-10-13,32.61,32.76,33.26,32.46,60334
2016-10-14,32.62,32.57,32.96,32.09,54871
2016-10-17,32.87,31.4,32.87,31.31,56698
2016-10-18,31.46,32.04,32.14,31.4,38355
2016-10-19,32.04,32.64,32.87,31.98,69165
2016-10-20,32.63,32.51,32.91,32.26,43473
2016-10-21,32.37,34.86,35.48,32.37,163988
2016-10-24,34.44,37.37,38.36,34.44,220603
2016-10-25,36.86,37.05,38.01,36.62,123305
2016-10-26,36.86,37.04,38.26,36.84,100824
2016-10-27,36.79,38.06,38.48,36.7,138466
2016-10-28,37.77,36.3,38.06,35.97,133176
2016-10-31,36.12,34.89,36.21,34.27,93543
2016-11-01,34.91,35.96,36.65,34.89,91670
2016-11-02,35.79,36.32,36.86,34.91,94880
2016-11-03,35.91,36.05,37.36,35.71,103474
2016-11-04,35.77,39.72,39.72,35.77,154376
2016-11-07,40.92,40.95,42.73,39.77,267338
2016-11-08,41.05,43.86,45.11,40.64,307337
2016-11-09,42.62,42.5,43.12,41.31,241945
2016-11-10,43.16,42.75,44.66,41.69,259208
2016-11-11,42.22,41.23,42.83,40.54,177248
2016-11-14,41.52,42.37,42.42,40.87,139062
2016-11-15,42.13,41.31,42.13,40.71,108141
2016-11-16,41.06,39.98,41.31,39.79,102676
2016-11-17,39.71,40.12,40.53,39.58,65362
2016-11-18,40.15,39.95,41.12,39.93,80651
2016-11-21,39.79,40.46,40.66,39.51,76259
2016-11-22,40.53,40.24,40.85,39.77,83016
2016-11-23,40.23,38.29,40.54,37.86,122849
2016-11-24,37.91,36.81,38.36,36.44,103583
2016-11-25,36.91,37.21,37.3,35.62,73742
2016-11-28,36.96,36.76,37.71,36.54,53891
2016-11-29,36.78,36.05,37.33,35.86,56040
2016-11-30,35.96,37.29,37.43,35.65,79873
2016-12-01,37.26,37.54,37.72,37.05,55007
2016-12-02,37.54,35.96,37.54,35.94,56872
2016-12-05,35.34,35.06,35.86,34.8,53586
2016-12-06,35.29,35.86,36.27,35.19,45510
2016-12-07,35.8,36.09,36.36,35.41,35260
2016-12-08,36.08,35.61,36.29,35.51,33862
2016-12-09,35.63,34.32,36.0,34.14,52035
2016-12-12,34.11,31.4,34.19,31.36,75939
2016-12-13,31.27,31.61,31.9,31.07,47186
2016-12-14,31.62,31.13,31.68,30.71,47424
2016-12-15,30.96,31.62,32.0,30.81,46541
2016-12-16,31.68,32.03,32.58,31.61,50404
2016-12-19,32.1,31.38,32.1,31.2,35058
2016-12-20,31.14,31.77,31.92,31.12,31523
2016-12-21,31.73,33.82,33.88,31.73,84493
2016-12-22,33.46,33.36,34.09,33.17,51215
2016-12-23,33.26,32.54,33.41,32.24,43076
2016-12-26,31.84,33.85,33.9,31.84,55128
2016-12-27,33.62,33.09,33.83,33.05,36322
2016-12-28,33.32,33.11,33.61,32.81,28868
2016-12-29,32.87,32.96,33.56,32.86,27614
2016-12-30,33.05,32.31,33.08,32.11,30904
2017-01-03,32.41,32.23,32.75,31.88,33536
2017-01-04,32.33,33.43,33.46,32.15,56179
2017-01-05,33.29,33.01,33.33,32.8,33068
2017-01-06,32.92,31.52,33.02,31.48,57011
2017-01-09,31.11,31.12,31.36,30.79,40882
2017-01-10,31.12,30.88,31.49,30.79,26976
2017-01-11,30.88,29.16,31.02,28.92,72238
2017-01-12,29.13,28.23,29.27,28.13,45848
2017-01-13,28.12,26.89,28.21,26.54,65936
2017-01-16,26.71,25.33,26.76,24.6,45696
2017-01-17,25.13,26.53,27.25,25.02,57622
2017-01-18,26.29,25.88,26.55,25.81,26654
2017-01-19,25.54,26.95,28.0,25.2,72601
2017-01-20,26.72,27.77,28.21,26.63,62212
2017-01-23,27.77,28.27,28.88,27.77,52018
2017-01-24,28.12,27.63,28.51,27.48,32501
2017-01-25,27.53,28.06,28.25,27.53,24996
2017-01-26,28.21,28.04,28.46,27.72,27541
2017-02-03,28.21,27.57,28.41,27.36,29830
2017-02-06,27.55,28.06,28.12,27.43,22857
2017-02-07,27.88,27.6,28.04,27.37,26953
2017-02-08,27.48,27.77,28.11,26.68,60025
2017-02-09,27.81,27.71,27.94,27.48,35823
2017-02-10,27.67,27.08,27.76,27.01,35573
2017-02-13,26.79,28.04,28.08,26.77,63144
2017-02-14,27.92,27.61,27.95,27.5,37259
2017-02-15,27.62,28.21,28.7,27.51,84451
2017-02-16,28.0,28.05,28.09,27.6,51238
2017-02-17,27.93,28.5,29.16,27.87,87671
2017-02-20,28.21,27.77,28.39,27.06,69380
2017-02-21,27.62,27.93,28.04,27.46,36027
2017-02-22,27.96,27.63,27.96,27.21,37744
2017-02-23,27.47,27.73,27.85,27.47,27551
2017-02-24,27.76,28.36,28.62,27.58,61210
2017-02-27,28.29,28.82,29.57,28.17,87941
2017-02-28,28.62,29.36,29.43,28.51,66060
2017-03-01,29.36,30.74,32.31,29.36,135277
2017-03-02,30.58,31.13,31.51,30.03,90993
2017-03-03,30.81,30.55,31.16,30.27,48142
2017-03-06,30.36,30.76,31.18,30.3,50767
2017-03-07,30.69,30.86,31.29,30.58,46872
2017-03-08,30.73,30.13,30.83,30.01,48758
2017-03-09,30.12,29.22,30.12,29.13,45330
2017-03-10,29.23,29.95,30.02,29.16,46361
2017-03-13,29.95,30.75,31.08,29.65,66423
2017-03-14,30.72,30.74,31.15,30.55,44441
2017-03-15,30.54,30.95,31.19,30.37,40053
2017-03-16,30.89,31.59,31.87,30.84,68356
2017-03-17,31.58,30.38,31.58,30.21,59316
2017-03-20,30.38,30.55,30.69,30.0,33942
2017-03-21,30.42,30.58,30.78,30.36,29901
2017-03-22,30.31,30.16,30.44,29.69,43212
2017-03-23,30.29,31.14,31.19,30.04,64505
2017-03-24,31.06,30.91,31.36,30.79,41481
2017-03-27,30.91,31.61,31.91,30.91,62408
2017-03-28,31.36,31.25,31.76,30.79,40074
2017-03-29,31.16,29.98,31.21,29.83,43804
2017-03-30,29.62,28.27,29.84,28.17,50358
2017-03-31,28.5,28.36,28.95,28.08,23400
2017-04-05,28.3,28.59,28.62,28.23,22933
2017-04-06,28.62,29.04,29.35,28.51,33574
2017-04-07,28.96,28.85,29.23,28.54,23325
2017-04-10,28.62,26.79,28.83,26.71,54610
2017-04-11,26.79,27.36,27.4,26.21,42795
2017-04-12,27.18,26.76,27.2,26.66,24160
2017-04-13,26.77,26.94,27.24,26.75,17571
2017-04-14,27.0,27.01,27.16,26.79,16582
2017-04-17,26.71,26.0,27.09,25.75,32252
2017-04-18,25.99,24.87,26.13,24.77,40410
2017-04-19,24.79,24.61,24.87,24.19,39079
2017-04-20,24.58,24.53,24.72,24.21,22712
2017-04-21,24.52,24.6,24.64,24.37,12772
2017-04-24,24.64,24.01,24.64,23.52,21573
2017-04-25,23.86,23.41,23.99,23.37,31828
2017-04-26,23.43,22.89,23.43,22.62,32661
2017-04-27,22.86,23.34,23.36,22.05,39588
2017-04-28,23.05,23.86,23.91,23.04,33403
2017-05-02,23.83,23.38,23.83,23.27,20220
2017-05-03,23.21,23.31,23.61,23.12,16787
2017-05-04,23.29,23.01,23.39,22.92,13234
2017-05-05,22.8,22.91,23.36,22.8,12078
2017-05-08,22.83,22.64,23.12,22.61,13248
2017-05-09,22.64,23.09,23.11,22.54,17052
2017-05-10,23.09,23.08,23.73,23.02,27702
2017-05-11,23.0,23.09,23.11,22.19,22366
2017-05-12,23.04,23.26,23.41,22.92,18360
2017-05-15,23.29,23.11,23.52,23.0,13017
2017-05-16,23.06,23.58,23.63,22.54,25585
2017-05-17,23.69,24.3,24.53,23.46,49377
2017-05-18,24.11,23.98,24.37,23.87,18090
2017-05-19,24.0,24.11,24.19,23.81,18008
2017-05-22,24.11,22.89,24.13,22.72,23539
2017-05-23,22.79,20.62,22.82,20.53,57945
2017-05-24,20.56,20.3,20.56,19.71,39699
2017-05-25,20.27,20.49,20.61,19.61,25492
2017-05-26,20.59,20.41,20.67,20.2,17812
2017-05-31,20.88,20.36,20.95,20.34,21178
2017-06-01,20.29,19.33,20.33,19.3,20018
2017-06-02,19.2,19.76,19.8,18.94,20640
2017-06-05,19.87,19.97,20.09,19.74,14713
2017-06-06,19.88,20.11,20.16,19.83,11958
2017-06-07,20.16,20.65,20.71,20.04,20669
2017-06-08,20.66,20.78,21.16,20.62,25929
2017-06-09,20.79,21.03,21.08,20.59,20338
2017-06-12,20.74,20.34,20.96,20.3,19717
2017-06-13,20.41,20.73,20.83,20.3,11468
2017-06-14,20.75,20.61,20.9,20.43,8400
2017-06-15,20.63,21.33,21.44,20.61,27559
2017-06-16,21.35,21.01,21.54,20.96,14416
2017-06-19,21.0,21.09,21.22,20.91,10755
2017-06-20,21.33,20.89,21.33,20.87,11632
2017-06-21,21.06,20.87,21.06,20.69,11490
2017-06-22,20.84,20.66,21.19,20.62,19384
2017-06-23,20.71,20.6,20.76,20.16,14960
2017-06-26,20.71,20.7,20.71,20.4,15159
2017-06-27,20.7,20.71,21.02,20.56,19048
2017-06-28,20.71,20.11,20.71,20.0,24263
2017-06-29,20.11,20.24,20.33,20.1,9976
2017-06-30,20.21,20.23,20.38,20.0,9386
2017-07-03,20.23,20.45,20.46,20.11,13697
2017-07-04,20.43,20.2,20.56,20.08,12048
2017-07-05,20.33,21.06,21.15,20.29,39993
2017-07-06,21.04,20.76,21.12,20.54,30731
2017-07-07,20.75,20.99,21.12,20.59,24273
2017-07-10,20.89,20.46,20.89,20.41,20763
2017-07-11,20.44,20.02,20.46,20.0,18008
2017-07-12,19.92,19.86,20.09,19.47,13846
2017-07-13,19.83,19.84,20.0,19.71,6369
2017-07-14,19.8,19.72,20.08,19.58,8425
2017-07-17,19.65,18.17,19.65,18.15,33083
2017-07-18,18.2,18.09,18.36,17.87,13460
2017-07-19,18.07,18.26,18.31,17.96,10583
2017-07-20,18.27,18.18,18.52,18.17,11285
2017-07-21,18.18,18.05,18.27,18.0,9467
2017-07-24,18.07,18.36,18.46,17.96,13391
2017-07-25,18.36,18.72,19.21,18.21,20381
2017-07-26,18.5,18.66,18.73,18.36,14758
2017-07-27,18.66,19.21,19.43,18.53,28649
2017-07-28,19.08,19.09,19.17,18.84,17490
2017-07-31,19.4,19.06,19.41,18.99,10848
2017-08-01,19.09,18.89,19.16,18.75,11699
2017-08-02,18.92,18.61,18.99,18.58,12578
2017-08-03,18.64,19.86,20.31,18.62,53721
2017-08-04,19.64,20.23,20.49,19.38,59844
2017-08-07,20.43,20.87,21.56,20.29,84562
2017-08-08,20.76,21.08,21.1,20.25,50465
2017-08-09,20.93,20.64,21.1,20.59,30364
2017-08-10,20.66,20.42,20.81,20.08,23885
2017-08-11,20.16,20.21,20.61,20.03,19731
2017-08-14,19.69,19.81,19.91,19.34,44214
2017-08-15,19.77,19.83,20.04,19.61,18111
2017-08-16,19.9,20.1,20.19,19.71,21487
2017-08-17,20.08,20.49,20.73,19.99,28574
2017-08-18,20.49,19.96,20.49,19.94,20321
2017-08-21,20.01,20.2,20.24,19.85,12365
2017-08-22,20.22,19.9,20.22,19.71,18722
2017-08-23,19.79,19.57,19.91,19.46,14332
2017-08-24,19.56,19.22,19.71,19.08,18665
2017-08-25,19.12,19.44,19.46,19.12,14605
2017-08-28,19.35,19.8,19.95,19.35,19538
2017-08-29,19.75,20.7,20.71,19.63,54204
2017-08-30,20.64,20.38,20.64,20.16,38247
2017-08-31,20.39,20.46,20.61,20.25,24157
2017-09-01,20.46,20.3,20.54,20.17,18818
2017-09-04,20.23,20.21,20.32,20.1,21757
2017-09-05,20.22,20.23,20.38,20.13,16250
2017-09-06,20.12,20.75,20.9,20.06,39411
2017-09-07,20.69,20.47,20.74,20.35,29882
2017-09-08,20.45,20.18,20.66,20.07,26713
2017-09-11,20.16,20.36,20.36,20.12,14552
2017-09-12,20.33,19.65,20.4,19.58,42864
2017-09-13,19.63,19.67,19.77,19.62,11470
2017-09-14,19.68,19.59,19.81,19.55,13084
2017-09-15,19.6,19.45,19.7,19.35,12798
2017-09-18,19.5,19.58,19.64,19.43,11823
2017-09-19,19.6,19.73,19.89,19.56,17410
2017-09-20,19.73,19.69,19.81,19.51,12254
2017-09-21,19.69,19.66,19.81,19.64,15021
2017-09-22,19.66,19.35,19.72,19.26,15522
2017-09-25,19.29,19.26,19.5,19.24,8470
2017-09-26,19.25,19.08,19.39,19.0,10146
2017-09-27,19.16,19.2,19.21,19.01,10049
2017-09-28,19.18,19.15,19.41,19.08,11375
2017-09-29,19.37,19.41,19.41,19.17,10654
2017-10-09,19.76,19.59,19.86,19.41,17236
2017-10-10,19.5,20.08,20.11,19.47,30097
2017-10-11,20.05,20.08,20.21,19.9,24450
2017-10-12,20.03,19.96,20.11,19.75,16740
2017-10-13,19.98,20.12,20.16,19.82,18781
2017-10-16,20.08,19.31,20.2,18.66,23639
2017-10-17,19.25,19.35,19.59,19.08,15284
2017-10-18,19.26,18.97,19.4,18.75,14734
2017-10-19,18.84,18.81,19.09,18.66,15109
2017-10-20,18.81,19.07,19.16,18.77,9680
2017-10-23,19.15,18.87,19.15,18.67,17219
2017-10-24,18.84,18.72,18.86,18.58,13145
2017-10-25,18.61,18.81,18.87,18.61,8363
2017-10-26,18.83,18.82,18.89,18.71,12843
2017-10-27,18.82,18.79,18.96,18.67,12940
2017-10-30,18.68,18.11,18.78,17.9,19503
2017-10-31,18.0,18.18,18.25,17.99,10436
2017-11-01,18.16,18.11,18.24,18.05,8839
2017-11-02,18.08,17.9,18.08,17.87,9953
2017-11-03,18.06,17.69,18.06,17.66,10103
2017-11-06,17.78,17.86,17.88,17.6,7134
2017-11-07,17.87,17.93,17.96,17.72,7073
2017-11-08,17.92,18.23,18.39,17.83,15207
2017-11-09,18.08,18.17,18.3,18.03,8974
2017-11-10,18.16,18.21,18.32,18.08,10062
2017-11-13,18.22,17.99,18.29,17.97,9894
2017-11-14,17.99,17.69,18.11,17.63,12137
2017-11-15,17.71,17.66,17.77,17.61,8364
2017-11-16,17.61,17.29,17.7,17.17,9656
2017-11-17,17.46,16.17,17.46,16.09,30585
2017-11-20,16.16,15.93,16.16,15.5,10828
2017-11-21,15.99,15.96,16.26,15.84,11757
2017-11-22,15.91,15.89,16.08,15.75,11034
2017-11-23,15.89,15.66,16.02,15.58,10806
2017-11-24,15.55,15.65,15.79,15.55,9028
2017-11-27,15.6,15.54,15.75,15.42,8173
2017-11-28,15.59,15.68,15.71,15.47,6457
2017-11-29,15.64,15.66,15.69,15.51,6329
2017-11-30,15.62,15.6,15.7,15.54,5268
2017-12-01,15.67,15.81,15.85,15.55,7989
2017-12-04,15.81,15.44,15.87,15.41,8998
2017-12-05,15.45,14.71,15.61,14.51,15157
2017-12-06,14.73,15.03,15.04,14.66,10061
2017-12-07,14.95,15.09,15.2,14.91,8468
2017-12-08,15.08,15.23,15.31,14.92,10507
2017-12-11,15.13,15.19,15.28,15.1,6524
2017-12-12,15.25,15.18,15.36,15.11,10846
2017-12-13,15.12,15.26,15.37,15.01,6821
2017-12-14,15.17,15.23,15.34,15.15,6811
2017-12-15,15.15,15.39,15.5,15.15,9507
2017-12-18,15.43,15.62,15.75,15.37,13677
2017-12-19,15.63,15.58,15.65,15.44,8614
2017-12-20,15.61,15.25,15.61,15.18,9781
2017-12-21,15.19,15.06,15.21,14.91,7845
2017-12-22,15.13,15.0,15.13,14.99,6883
2017-12-25,14.99,14.67,15.01,14.6,6969
2017-12-26,14.58,15.13,15.16,14.58,9953
2017-12-27,15.11,14.95,15.11,14.87,6997
2017-12-28,15.0,16.49,16.49,14.88,26427
2017-12-29,16.74,16.49,17.23,16.48,68397
2018-01-02,16.16,16.36,16.48,16.1,31823
2018-01-03,16.31,16.35,16.48,16.13,26705
2018-01-04,16.35,16.1,16.35,16.01,19515
2018-01-05,16.02,16.41,16.51,16.02,29260
2018-01-08,16.33,16.93,17.18,16.33,44205
2018-01-09,16.77,16.69,16.9,16.5,19891
2018-01-10,16.59,16.33,16.82,16.31,17077
2018-01-11,16.33,16.75,16.91,16.25,24195
2018-01-12,16.82,16.74,16.82,16.51,13365
2018-01-15,16.71,15.84,16.73,15.83,17030
2018-01-16,15.87,15.85,16.15,15.76,10964
2018-01-17,15.89,17.48,17.48,15.48,76384
2018-01-18,17.46,17.01,17.66,16.81,70734
2018-01-19,16.93,17.04,17.4,16.84,43931
2018-01-22,16.92,17.6,17.91,16.7,60319
2018-01-23,17.41,17.3,17.55,17.14,34540
2018-01-24,17.19,18.2,18.46,17.02,84698
2018-01-25,18.06,17.88,18.91,17.86,82705
2018-01-26,17.74,17.79,18.25,17.59,37510
2018-01-29,17.75,17.39,17.96,17.35,28615
2018-01-30,17.37,17.37,17.69,17.2,17831
2018-01-31,17.33,17.23,17.47,16.92,23967
2018-02-01,17.08,15.99,17.41,15.93,34244
2018-02-02,15.84,16.14,16.4,15.33,22838
2018-02-05,15.69,15.97,16.23,15.67,14464
2018-02-06,15.66,14.71,15.75,14.32,24124
2018-02-07,15.16,15.12,15.44,14.41,22095
2018-02-08,15.13,15.2,15.4,14.96,11451
2018-02-09,14.87,14.73,15.15,14.56,16152
2018-02-12,14.98,15.1,15.21,14.77,8886
2018-02-13,15.13,15.45,15.56,15.11,16680
2018-02-14,15.56,15.46,15.56,15.34,7351
2018-02-22,16.16,15.81,16.32,15.75,23618
2018-02-23,15.76,15.43,16.0,15.3,20797
2018-02-26,15.56,15.68,15.81,15.42,25302
2018-02-27,15.68,16.06,16.26,15.49,36638
2018-02-28,15.85,15.68,15.89,15.62,26923
2018-03-01,15.67,15.81,15.83,15.51,16895
2018-03-02,15.69,16.24,16.34,15.66,42987
2018-03-05,16.19,16.05,16.22,15.84,24456
2018-03-06,16.08,16.16,16.22,15.83,24434
2018-03-07,16.11,15.71,16.16,15.69,18720
2018-03-08,15.74,15.81,15.86,15.66,10577
2018-03-09,15.81,16.16,16.22,15.71,29264
2018-03-12,16.25,16.46,16.75,16.25,37964
2018-03-13,16.45,16.25,16.55,16.19,18162
2018-03-14,16.22,16.06,16.27,16.04,13380
2018-03-15,15.91,15.67,16.11,15.49,22241
2018-03-16,15.71,15.61,15.88,15.58,10162
2018-03-19,15.61,15.58,15.76,15.51,8236
2018-03-20,15.25,15.41,15.7,15.23,14237
2018-03-21,15.41,15.31,15.61,15.3,11707
2018-03-22,15.33,15.33,15.45,15.17,10387
2018-03-23,15.08,14.52,15.33,14.35,27698
2018-03-26,14.25,14.46,14.5,14.0,15026
2018-03-27,14.66,14.78,14.91,14.65,15876
2018-03-28,14.58,14.61,14.77,14.55,9809
2018-03-29,14.68,14.81,14.85,14.66,9654
2018-03-30,14.86,15.1,15.29,14.86,14570
2018-04-02,15.08,14.99,15.15,14.87,12762
2018-04-03,14.81,14.75,14.97,14.71,11816
2018-04-04,14.83,14.69,15.07,14.68,14343
2018-04-09,14.65,14.74,14.87,14.58,9309
2018-04-10,14.78,14.87,15.05,14.71,15008
2018-04-11,14.9,15.28,15.37,14.86,27077
2018-04-12,15.17,15.1,15.28,15.06,13639
2018-04-13,15.16,15.16,15.29,15.01,9846
2018-04-16,15.12,15.06,15.28,14.97,9236
2018-04-17,15.16,14.46,15.19,14.42,15724
2018-04-18,14.58,14.56,14.65,14.17,11891
2018-04-19,14.49,14.6,14.65,14.44,9228
2018-04-20,14.57,14.16,14.58,14.1,11221
2018-04-23,14.19,14.16,14.31,14.08,7742
2018-04-24,14.21,14.53,14.57,14.19,11218
2018-04-25,14.41,14.55,14.58,14.3,11604
2018-04-26,14.59,14.11,14.63,14.08,14131
2018-04-27,14.23,14.31,14.45,14.13,11546
2018-05-02,14.26,14.26,14.4,14.14,7929
2018-05-03,14.25,14.36,14.44,13.99,9136
2018-05-04,14.33,14.27,14.46,14.21,6511
2018-05-07,14.3,14.61,14.79,14.28,17987
2018-05-08,14.56,14.66,14.73,14.48,14846
2018-05-09,14.66,14.69,14.8,14.52,17143
2018-05-10,14.79,14.86,15.07,14.77,23232
2018-05-11,14.82,14.76,14.83,14.61,15441
2018-05-14,14.69,14.41,14.76,14.31,13980
2018-05-15,14.39,14.61,14.65,14.33,9574
2018-05-16,14.51,14.91,15.14,14.51,34959
2018-05-17,14.8,14.86,14.98,14.75,19107
2018-05-18,14.79,14.99,15.01,14.77,15933
2018-05-21,15.05,15.21,15.3,15.01,19855
2018-05-22,15.16,15.21,15.31,15.05,15203
2018-05-23,15.11,15.16,15.36,15.06,16585
2018-05-24,15.16,14.91,15.19,14.88,12471
2018-05-25,14.87,14.91,15.05,14.84,11942
2018-05-28,14.91,14.73,14.95,14.6,13670
2018-05-29,14.73,14.83,15.01,14.66,17172
2018-05-30,14.72,14.27,14.72,14.08,19419
2018-05-31,14.33,15.16,15.75,14.33,46211
2018-06-01,14.97,14.91,15.04,14.73,27465
2018-06-04,14.54,14.51,14.62,14.27,23511
2018-06-05,14.41,14.61,14.62,14.37,12924
2018-06-06,14.5,14.89,14.9,14.45,15719
2018-06-07,14.83,14.56,14.88,14.5,16012
2018-06-08,14.54,14.32,14.56,14.17,13036
2018-06-11,14.35,14.32,14.4,14.21,6994
2018-06-12,14.33,14.36,14.41,14.12,8705
2018-06-13,14.36,13.97,14.36,13.92,9832
2018-06-14,13.9,13.99,14.16,13.84,5630
2018-06-15,14.04,13.56,14.16,13.5,9763
2018-06-19,13.25,12.72,13.35,12.31,15761
2018-06-20,12.66,12.87,12.91,12.51,8352
2018-06-21,12.79,12.53,12.9,12.51,6621
2018-06-22,12.52,12.64,12.79,12.34,4564
2018-06-25,12.68,12.63,12.82,12.56,3613
2018-06-26,12.51,12.73,12.78,12.42,4826
2018-06-27,12.65,12.74,12.91,12.65,5550
2018-06-28,12.71,12.65,12.8,12.51,4713
2018-06-29,12.52,12.94,12.96,12.52,8939
2018-07-02,12.95,12.61,12.96,12.55,6220
2018-07-03,12.71,12.85,12.96,12.48,8937
2018-07-04,12.77,12.77,12.94,12.73,7380
2018-07-05,12.72,12.57,12.91,12.5,6266
2018-07-06,12.63,12.7,12.9,12.46,8608
2018-07-09,12.76,12.87,12.98,12.66,8139
2018-07-10,12.84,12.96,12.98,12.82,6929
2018-07-11,12.87,12.64,12.88,12.41,7253
2018-07-12,12.8,12.91,12.96,12.66,7631
2018-07-13,12.9,12.95,12.97,12.85,6541
2018-07-16,12.94,12.88,12.95,12.76,4634
2018-07-17,12.88,12.95,13.0,12.8,4071
2018-07-18,12.96,13.0,13.05,12.91,6237
2018-07-19,13.01,12.79,13.01,12.76,5149
2018-07-20,12.72,12.91,12.94,12.63,5032
2018-07-23,12.88,13.04,13.12,12.81,8518
2018-07-24,13.09,13.29,13.3,13.01,10266
2018-07-25,13.27,13.34,13.41,13.2,10085
2018-07-26,13.32,13.28,13.4,13.24,6774
2018-07-27,13.35,13.26,13.35,13.2,4840
2018-07-30,13.28,13.11,13.29,12.98,6034
2018-07-31,13.04,13.07,13.11,12.95,4522
2018-08-01,13.11,12.93,13.19,12.9,5678
2018-08-02,12.88,12.52,12.95,12.34,9644
2018-08-03,12.54,12.34,12.6,12.26,5264
2018-08-06,12.26,12.46,12.6,12.21,7963
2018-08-07,12.49,12.66,12.69,12.44,8976
2018-08-08,12.63,12.54,12.75,12.42,6210
2018-08-09,12.55,12.84,12.86,12.4,9893
2018-08-10,12.83,13.59,13.71,12.76,38224
2018-08-13,13.09,12.95,13.09,12.21,39665
2018-08-14,12.84,12.69,12.84,12.66,12998
2018-08-15,12.65,12.31,12.71,12.3,16071
2018-08-16,12.17,12.08,12.26,11.99,9563
2018-08-17,12.14,11.97,12.24,11.91,7191
2018-08-20,11.9,11.93,12.01,11.63,10326
2018-08-21,11.92,11.98,12.02,11.75,7144
2018-08-22,11.95,11.81,11.95,11.73,6555
2018-08-23,11.8,11.82,11.87,11.76,4197
2018-08-24,11.81,11.77,11.85,11.71,3481
2018-08-27,11.8,11.98,12.04,11.8,6301
2018-08-28,11.96,12.01,12.02,11.9,4144
2018-08-29,11.91,11.86,11.91,11.76,7970
2018-08-30,11.87,11.71,11.87,11.7,3831
2018-08-31,11.71,11.42,11.71,11.36,8025
2018-09-03,11.51,11.35,11.51,11.19,5920
2018-09-04,11.36,11.41,11.46,11.26,5363
2018-09-05,11.42,11.42,11.87,11.36,8676
2018-09-06,11.3,11.38,11.48,11.29,4413
2018-09-07,11.34,11.31,11.49,11.22,4590
2018-09-10,11.3,11.03,11.34,11.01,5245
2018-09-11,11.01,11.05,11.18,10.99,3537
2018-09-12,11.03,11.11,11.28,11.02,4410
2018-09-13,11.11,11.18,11.21,11.07,3494
2018-09-14,11.17,11.09,11.2,11.06,3409
2018-09-17,11.08,10.9,11.15,10.86,5110
2018-09-18,10.9,11.06,11.09,10.84,5286
2018-09-19,11.01,11.13,11.19,10.98,4992
2018-09-20,11.14,11.12,11.17,11.05,3352
2018-09-21,11.17,11.29,11.34,11.11,6513
2018-09-25,11.18,11.17,11.24,11.14,3902
2018-09-26,11.17,11.27,11.36,11.17,6651
2018-09-27,11.27,11.06,11.31,11.05,5049
2018-09-28,11.05,11.24,11.26,11.05,3293
2018-10-08,11.01,10.8,11.01,10.72,6420
2018-10-09,10.79,10.71,10.85,10.63,4732
2018-10-10,10.71,10.46,10.73,10.43,7331
2018-10-11,10.12,9.51,10.13,9.46,12299
2018-10-12,9.45,9.38,9.51,9.03,9908
2018-10-15,9.38,9.29,9.51,9.23,4727
2018-10-16,9.33,9.11,9.39,9.05,4223
2018-10-17,9.21,9.21,9.3,8.99,4118
2018-10-18,9.13,8.94,9.21,8.9,4770
2018-10-19,8.87,9.18,9.21,8.87,6761
2018-10-22,9.21,9.65,9.73,9.21,13460
2018-10-23,9.6,9.47,9.67,9.44,5963
2018-10-24,9.47,9.46,9.61,9.42,4847
2018-10-25,9.26,9.53,9.53,9.11,4956
2018-10-26,9.52,9.71,9.71,9.43,9967
2018-10-29,9.65,9.99,10.04,9.63,17864
2018-10-30,10.0,10.71,10.71,9.95,37426
2018-10-31,10.56,10.67,11.38,10.46,68602
2018-11-01,10.46,10.34,10.52,10.13,42339
2018-11-02,10.4,10.42,10.46,10.32,21453
2018-11-05,10.38,10.28,10.51,10.12,17729
2018-11-06,10.29,10.25,10.29,10.16,7450
2018-11-07,10.27,10.38,10.62,10.26,19497
2018-11-08,10.46,10.32,10.46,10.32,8244
2018-11-09,10.23,10.27,10.37,10.21,7544
2018-11-12,10.21,10.43,10.43,10.21,9160
2018-11-13,10.35,10.74,10.86,10.31,26987
2018-11-14,10.69,10.64,10.95,10.61,15326
2018-11-15,10.64,10.74,10.81,10.58,12046
2018-11-16,10.75,10.84,10.93,10.67,18052
2018-11-19,10.81,10.88,10.9,10.74,12444
2018-11-20,10.87,10.54,10.87,10.47,9295
2018-11-21,10.46,10.63,10.63,10.43,8295
2018-11-22,10.58,10.66,10.71,10.58,5684
2018-11-23,10.61,10.04,10.68,9.92,14774
2018-11-26,10.12,10.06,10.26,10.01,6205
2018-11-27,10.21,10.21,10.26,10.07,6235
2018-11-28,10.13,10.66,10.66,10.12,16832
2018-11-29,10.65,10.32,10.7,10.3,11307
2018-11-30,10.38,10.3,10.38,10.06,7896
2018-12-03,10.41,10.71,10.77,10.41,14202
2018-12-04,10.61,10.71,10.71,10.58,8311
2018-12-05,10.57,10.76,10.79,10.51,9918
2018-12-06,10.71,10.57,10.71,10.52,7882
2018-12-07,10.63,10.71,10.86,10.55,12152
2018-12-10,10.66,10.71,10.84,10.53,9968
2018-12-11,10.7,10.67,10.88,10.57,10109
2018-12-12,10.71,10.7,10.76,10.59,5949
2018-12-13,10.73,10.75,10.85,10.64,10251
2018-12-14,10.92,10.48,10.96,10.47,12152
2018-12-17,10.43,10.32,10.51,10.23,8534
2018-12-18,10.21,10.18,10.3,10.05,6821
2018-12-19,10.25,10.06,10.29,10.03,5136
2018-12-20,10.05,10.12,10.15,10.01,2786
2018-12-21,10.13,10.14,10.28,10.09,4796
2018-12-24,10.14,10.22,10.28,10.06,5131
2018-12-25,10.14,10.05,10.16,9.73,9791
2018-12-26,10.03,9.96,10.16,9.96,5550
2018-12-27,10.11,9.81,10.16,9.8,5909
2018-12-28,9.95,9.91,9.96,9.76,4365
2019-01-02,9.87,9.87,9.96,9.74,5644
2019-01-03,9.87,9.86,10.01,9.82,4508
2019-01-04,9.84,10.13,10.21,9.77,10301
2019-01-07,10.13,10.38,10.43,10.08,8945
2019-01-08,10.38,10.44,10.49,10.31,8313
2019-01-09,10.44,10.35,10.64,10.33,12421
2019-01-10,10.34,10.41,10.54,10.31,6122
2019-01-11,10.41,10.48,10.48,10.36,4762
2019-01-14,10.46,10.36,10.52,10.32,5960
2019-01-15,10.3,10.43,10.45,10.3,5692
2019-01-16,10.45,10.62,10.66,10.41,24248
2019-01-17,10.59,10.47,10.6,10.44,10084
2019-01-18,10.41,10.56,10.59,10.3,13933
2019-01-21,10.63,10.56,10.63,10.49,9385
2019-01-22,10.59,10.46,10.59,10.38,5355
2019-01-23,10.48,10.53,10.59,10.39,7964
2019-01-24,10.46,10.55,10.67,10.45,9007
2019-01-25,10.54,10.49,10.6,10.41,5877
2019-01-28,10.47,10.46,10.54,10.4,5638
2019-01-29,10.41,10.11,10.45,9.8,13427
2019-01-30,10.11,9.96,10.11,9.83,7413
2019-01-31,9.99,10.21,10.26,9.74,11583
2019-02-01,10.2,10.64,10.65,10.06,21509
2019-02-11,10.96,11.06,11.34,10.88,61423
2019-02-12,10.86,10.9,11.04,10.75,32304
2019-02-13,10.9,10.9,10.96,10.76,22946
2019-02-14,10.88,10.83,10.88,10.74,15172
2019-02-15,10.85,10.86,10.92,10.81,12654
2019-02-18,10.91,11.0,11.01,10.8,22766
2019-02-19,11.02,10.98,11.15,10.88,19508
2019-02-20,10.89,10.96,11.01,10.82,10488
2019-02-21,10.96,11.09,11.17,10.9,25111
2019-02-22,11.09,11.23,11.28,10.97,20937
2019-02-25,11.23,11.63,11.66,11.15,44109
2019-02-26,11.59,11.64,11.98,11.41,42683
2019-02-27,11.64,11.36,11.71,11.28,32292
2019-02-28,11.34,11.45,11.55,11.34,17352
2019-03-01,11.52,11.43,11.52,11.28,15637
2019-03-04,11.45,11.45,11.79,11.41,40533
2019-03-05,11.45,11.58,11.62,11.36,24553
2019-03-06,11.7,12.21,12.46,11.64,72116
2019-03-07,12.23,12.22,12.34,12.02,47023
2019-03-08,11.96,11.39,12.11,11.36,42031
2019-03-11,11.4,11.73,11.81,11.4,23979
2019-03-12,11.83,12.35,12.62,11.76,56498
2019-03-13,12.26,12.16,12.57,12.14,45679
2019-03-14,12.26,11.98,12.31,11.8,29098
2019-03-15,12.01,12.46,12.63,11.91,52303
2019-03-18,12.37,12.64,12.73,12.14,48837
2019-03-19,12.59,12.44,12.74,12.41,28251
2019-03-20,12.42,12.34,12.57,12.1,26379
2019-03-21,12.32,12.69,12.77,12.21,43310
2019-03-22,12.64,12.7,12.88,12.51,40342
2019-03-25,12.42,12.61,12.63,12.38,27162
2019-03-26,12.61,12.16,12.67,12.11,23537
2019-03-27,12.17,12.08,12.3,11.95,16219
2019-03-28,12.08,11.94,12.18,11.9,12203
2019-03-29,11.95,12.18,12.23,11.9,19393
2019-04-01,12.21,12.46,12.52,12.19,28351
2019-04-02,12.44,12.46,12.56,12.39,23333
2019-04-03,12.42,12.66,12.71,12.4,33304
2019-04-04,12.66,12.46,12.69,12.42,24755
2019-04-08,12.49,12.32,12.59,12.05,28777
2019-04-09,12.33,12.77,12.93,12.33,54105
2019-04-10,12.67,12.54,12.67,12.38,30421
2019-04-11,12.48,12.15,12.56,12.09,24454
2019-04-12,12.26,12.29,12.31,12.11,12006
2019-04-15,12.93,12.16,12.93,12.15,31146
2019-04-16,12.05,12.38,12.41,11.99,22276
2019-04-17,12.38,12.37,12.51,12.3,20618
2019-04-18,12.37,12.73,12.92,12.33,53637
2019-04-19,12.76,13.7,13.76,12.53,83515
2019-04-22,13.45,13.27,13.65,13.12,55206
2019-04-23,13.16,12.9,13.56,12.81,58721
2019-04-24,13.09,12.79,13.09,12.55,35528
2019-04-25,12.74,12.13,12.78,12.01,31170
2019-04-26,12.13,11.99,12.25,11.91,21048
2019-04-29,12.13,11.46,12.14,11.45,29193
2019-04-30,11.52,11.71,11.76,11.47,13780
2019-05-06,11.32,10.59,11.36,10.51,29080
2019-05-07,10.74,10.73,10.79,10.57,13978
2019-05-08,10.59,10.76,10.92,10.47,12344
2019-05-09,10.71,10.57,10.87,10.54,14718
2019-05-10,10.7,10.83,10.88,10.37,16035
2019-05-13,10.76,10.72,10.85,10.67,8332
2019-05-14,10.66,10.63,10.81,10.6,7546
2019-05-15,10.71,10.82,10.91,10.71,9126
2019-05-16,10.83,10.97,10.97,10.77,12062
2019-05-17,11.0,10.61,11.01,10.52,11654
2019-05-20,10.56,10.51,10.61,10.27,10880
2019-05-21,10.52,10.86,10.87,10.48,16372
2019-05-22,10.83,10.76,10.83,10.59,13861
2019-05-23,10.7,10.45,10.7,10.43,10679
2019-05-24,10.45,10.49,10.61,10.43,8634
2019-05-27,10.49,10.76,10.76,10.49,12074
2019-05-28,10.76,10.89,10.9,10.76,13630
2019-05-29,10.79,10.91,10.95,10.71,12631
2019-05-30,11.0,10.96,11.04,10.78,14160
2019-05-31,10.96,10.84,10.99,10.79,8700
2019-06-03,10.82,10.78,10.86,10.66,8107
2019-06-04,10.76,10.7,10.81,10.6,7493
2019-06-05,10.72,10.75,10.85,10.72,8311
2019-06-06,10.74,10.52,10.78,10.46,11438
2019-06-10,10.47,10.58,10.63,10.47,7397
2019-06-11,10.57,10.91,10.94,10.55,14425
2019-06-12,10.91,10.96,10.98,10.8,14736
2019-06-13,10.96,10.94,11.0,10.83,10445
2019-06-14,10.93,10.82,11.05,10.82,9996
2019-06-17,10.92,10.82,10.93,10.72,7918
2019-06-18,10.82,10.95,10.96,10.76,8766
2019-06-19,11.06,11.11,11.25,11.06,16492
2019-06-20,11.05,11.61,11.76,11.02,36736
2019-06-21,11.59,11.53,11.7,11.43,25141
2019-06-24,11.47,11.51,11.54,11.36,11759
2019-06-25,11.46,11.83,12.11,11.39,29281
2019-06-26,11.75,11.57,11.75,11.53,15906
2019-06-27,11.57,11.56,11.7,11.49,12462
2019-06-28,11.56,11.63,11.71,11.38,14738
2019-07-01,11.83,11.84,11.92,11.71,20599
2019-07-02,11.81,11.84,11.86,11.71,9278
2019-07-03,11.84,11.87,11.97,11.72,12915
2019-07-04,11.87,12.01,12.01,11.84,14603
2019-07-05,12.01,12.01,12.1,11.9,13237
2019-07-08,12.01,11.67,12.06,11.63,18507
2019-07-09,11.61,12.09,12.11,11.61,22819
2019-07-10,12.09,12.05,12.31,12.03,24151
2019-07-11,12.06,12.17,12.4,12.06,17616
2019-07-12,12.23,12.54,12.59,12.13,28540
2019-07-15,12.51,12.76,12.92,12.47,38156
2019-07-16,12.72,12.6,12.95,12.55,32831
2019-07-17,12.7,12.52,12.79,12.46,21837
2019-07-18,12.57,12.12,12.57,12.11,18482
2019-07-19,12.21,12.05,12.28,12.03,15522
2019-07-22,12.05,11.87,12.11,11.55,18205
2019-07-23,11.81,11.9,12.06,11.81,10564
2019-07-24,11.91,11.93,12.0,11.81,13195
2019-07-25,11.95,12.03,12.05,11.81,14571
2019-07-26,11.96,12.27,12.3,11.93,12964
2019-07-29,12.27,12.59,12.59,12.23,23501
2019-07-30,12.98,13.46,13.61,12.76,78986
2019-07-31,13.41,13.31,13.58,13.17,44878
2019-08-01,13.16,13.17,13.31,13.04,26141
2019-08-02,12.97,13.24,13.32,12.83,30576
2019-08-05,13.23,13.01,13.23,12.92,24528
2019-08-06,12.61,12.88,12.94,12.45,30916
2019-08-07,12.96,12.62,12.98,12.61,16388
2019-08-08,12.62,13.08,13.26,12.58,32444
2019-08-09,13.14,12.86,13.14,12.74,20210
2019-08-12,12.86,13.23,13.55,12.86,22636
2019-08-13,13.02,13.16,13.23,13.02,11816
2019-08-14,13.26,13.16,13.36,13.06,24445
2019-08-15,12.93,13.41,13.45,12.86,29669
2019-08-16,13.31,13.71,14.03,13.26,53837
2019-08-19,13.78,14.31,14.31,13.76,53818
2019-08-20,14.77,15.22,15.69,14.66,120931
2019-08-21,15.08,15.41,15.46,14.99,51389
2019-08-22,15.31,15.92,16.2,15.31,70798
2019-08-23,15.81,15.46,16.15,15.36,56386
2019-08-26,15.06,16.0,16.14,15.0,60399
2019-08-27,15.91,15.87,16.31,15.75,54077
2019-08-28,15.88,15.99,16.2,15.84,39155
2019-08-29,16.0,15.81,16.11,15.66,38678
2019-08-30,15.92,15.59,15.98,15.49,34301
2019-09-02,15.99,16.79,17.0,15.74,88456
2019-09-03,16.66,16.99,17.18,16.51,52311
2019-09-04,16.83,16.82,17.14,16.6,29511
2019-09-05,16.95,16.82,17.56,16.76,68155
2019-09-06,16.82,16.96,17.22,16.66,47404
2019-09-09,17.15,17.67,17.7,17.0,69123
2019-09-10,17.68,17.54,17.91,17.24,48107
2019-09-11,17.69,17.41,17.8,17.36,30967
2019-09-12,17.57,17.48,17.61,16.99,53088
2019-09-16,17.49,16.49,17.56,16.36,131437
2019-09-17,16.58,15.66,16.72,15.51,111942
2019-09-18,15.66,15.45,15.81,15.32,80929
2019-09-19,15.54,15.79,15.81,15.32,58113
2019-09-20,15.8,16.59,16.59,15.71,95350
2019-09-23,16.86,17.53,17.55,16.6,159925
2019-09-24,17.53,17.71,17.89,17.07,117137
2019-09-25,17.78,16.9,17.78,16.72,123328
2019-09-26,16.88,17.49,17.72,16.62,133697
2019-09-27,17.54,17.49,17.57,16.96,114664
2019-09-30,16.41,15.73,16.41,15.73,133693
2019-10-08,14.15,14.15,14.56,14.15,41908
2019-10-09,13.01,13.05,13.26,12.72,157636
2019-10-10,12.99,13.09,13.14,12.84,94506
2019-10-11,13.09,12.82,13.18,12.66,86697
2019-10-14,12.89,12.89,12.99,12.7,63308
2019-10-15,12.86,12.54,12.87,12.52,56992
2019-10-16,12.54,12.54,12.62,12.36,54309
2019-10-17,12.52,12.45,12.62,12.41,45210
2019-10-18,12.46,12.13,12.47,12.05,57151
2019-10-21,12.16,11.92,12.16,11.74,42858
2019-10-22,11.95,11.99,12.03,11.85,32511
2019-10-23,11.99,11.83,12.03,11.78,30029
2019-10-24,11.86,11.88,11.93,11.78,24046
2019-10-25,11.89,11.91,11.96,11.67,38209
2019-10-28,11.89,12.09,12.19,11.85,47897
2019-10-29,12.13,11.93,12.13,11.88,32262
2019-10-30,11.97,11.52,11.97,11.49,49272
2019-10-31,11.49,11.46,11.7,11.43,38304
2019-11-01,11.34,11.59,11.63,11.34,24333
2019-11-04,11.6,11.5,11.72,11.5,27583
2019-11-05,11.51,11.6,11.61,11.47,22984
2019-11-06,11.6,11.45,11.63,11.41,25774
2019-11-07,11.44,11.48,11.5,11.38,20718
2019-11-08,11.49,11.55,11.71,11.48,32970
2019-11-11,11.49,11.09,11.49,11.07,39430
2019-11-12,11.08,11.2,11.2,10.98,23310
2019-11-13,11.2,11.15,11.26,11.06,17009
2019-11-14,11.13,11.18,11.26,11.13,18499
2019-11-15,11.18,11.04,11.22,11.03,18107
2019-11-18,11.02,11.08,11.13,10.97,24675
2019-11-19,11.07,11.39,11.39,11.03,33674
2019-11-20,11.39,11.19,11.4,11.12,24940
2019-11-21,11.11,11.3,11.37,11.04,22091
2019-11-22,11.29,11.29,11.46,11.17,30526
2019-11-25,11.25,11.13,11.32,11.08,23321
2019-11-26,11.18,11.16,11.18,11.06,14756
2019-11-27,11.16,11.12,11.24,11.09,15746
2019-11-28,11.12,11.01,11.13,11.01,15331
2019-11-29,11.01,11.0,11.05,10.92,14193
2019-12-02,10.99,11.05,11.08,10.96,12986
2019-12-03,11.05,11.51,11.55,11.01,48582
2019-12-04,11.44,11.83,11.89,11.41,51731
2019-12-05,11.81,11.78,11.97,11.69,45200
2019-12-06,11.76,12.1,12.14,11.66,51127
2019-12-09,12.1,12.02,12.34,11.94,42629
2019-12-10,11.97,12.36,12.56,11.91,68491
2019-12-11,12.36,12.31,12.51,12.24,42657
2019-12-12,12.31,12.13,12.37,12.11,36123
2019-12-13,12.16,12.2,12.27,12.07,29644
2019-12-16,12.2,12.35,12.44,12.2,36852
2019-12-17,12.34,12.4,12.48,12.23,38068
2019-12-18,12.4,12.28,12.41,12.25,30023
2019-12-19,12.28,13.08,13.16,12.26,96852
2019-12-20,13.05,12.58,13.05,12.57,58426
2019-12-23,12.58,12.06,12.61,12.01,49864
2019-12-24,12.0,12.14,12.2,11.97,27807
2019-12-25,12.12,12.18,12.31,12.05,33968
2019-12-26,12.16,12.21,12.28,12.08,23614
2019-12-27,12.21,12.21,12.45,12.18,33124
2019-12-30,12.18,12.15,12.21,11.92,25894
2019-12-31,12.12,12.0,12.13,11.97,29597
2020-01-02,12.04,12.51,12.71,12.04,65326
2020-01-03,12.57,12.82,12.82,12.46,58739
2020-01-06,12.63,12.92,13.18,12.54,60497
2020-01-07,12.95,13.45,13.51,12.91,83218
2020-01-08,13.32,12.77,13.32,12.75,63333
2020-01-09,12.95,12.91,13.14,12.83,36245
2020-01-10,12.93,12.83,13.05,12.75,28290
2020-01-13,12.81,13.06,13.06,12.76,29091
2020-01-14,13.1,12.95,13.24,12.91,31548
2020-01-15,12.92,12.9,12.95,12.67,27620
2020-01-16,12.87,12.69,12.95,12.67,24569
2020-01-17,12.68,12.7,12.92,12.59,27534
2020-01-20,12.7,12.35,12.76,12.22,56872
2020-01-21,12.18,11.93,12.2,11.92,40624
2020-01-22,11.81,11.7,11.82,11.51,39751
2020-01-23,11.45,11.17,11.56,10.97,45306
2020-02-03,10.05,10.05,10.05,10.05,3187
2020-02-04,9.03,9.46,9.82,9.03,83840
2020-02-05,9.53,9.93,10.12,9.44,60432
2020-02-06,9.9,10.18,10.3,9.73,42593
2020-02-07,10.11,10.62,10.62,10.03,41679
2020-02-10,10.45,10.45,10.51,10.24,30119
2020-02-11,10.45,10.52,10.91,10.38,45683
2020-02-12,10.61,10.59,10.66,10.38,28514
2020-02-13,10.49,10.44,10.64,10.36,24692
2020-02-14,10.47,10.48,10.51,10.21,30032
2020-02-17,10.44,10.85,10.89,10.38,36489
2020-02-18,10.91,11.12,11.13,10.84,26645
2020-02-19,11.04,10.91,11.18,10.9,24528
2020-02-20,11.0,11.27,11.56,10.93,57246
2020-02-21,11.26,11.2,11.36,11.11,36905
2020-02-24,11.2,11.19,11.22,10.84,43006
2020-02-25,10.91,10.91,11.03,10.51,39280
2020-02-26,10.74,11.14,11.41,10.69,49221
2020-02-27,10.99,10.77,11.08,10.68,41704
2020-02-28,10.46,10.06,10.46,10.06,38334
2020-03-02,10.17,10.68,10.94,10.15,36078
2020-03-03,10.78,10.62,10.86,10.51,25271
2020-03-04,10.51,10.71,10.72,10.49,13986
2020-03-05,10.77,11.04,11.11,10.72,40022
2020-03-06,10.9,11.01,11.15,10.87,21304
2020-03-09,10.99,10.91,11.23,10.88,37120
2020-03-10,10.77,11.26,11.38,10.67,58032
2020-03-11,11.26,11.56,11.94,11.07,92753
2020-03-12,11.31,11.1,11.37,11.03,48222
2020-03-13,10.54,10.87,10.91,10.16,41774
2020-03-16,10.87,10.47,10.96,10.42,30681
2020-03-17,10.5,10.24,10.66,10.14,25360
2020-03-18,10.36,10.03,10.48,10.01,24510
2020-03-19,10.03,10.06,10.23,9.78,21688
2020-03-20,10.2,10.5,10.52,10.11,36651
2020-03-23,10.16,10.16,10.36,10.08,25630
2020-03-24,10.36,10.28,10.46,10.13,24076
2020-03-25,10.47,10.56,10.68,10.36,41260
2020-03-26,10.54,10.83,10.96,10.46,73989
2020-03-27,10.91,10.75,11.21,10.51,104505
2020-03-30,9.99,10.0,10.15,9.66,78898
2020-03-31,9.99,9.82,10.03,9.53,50532
2020-04-01,9.74,9.61,9.82,9.53,28523
2020-04-02,9.51,9.75,9.75,9.43,35001
2020-04-03,9.64,10.27,10.73,9.55,106118
2020-04-07,10.24,10.41,10.68,10.07,113766
2020-04-08,10.24,10.57,10.59,10.16,73860
2020-04-09,10.56,10.47,10.83,10.42,68710
2020-04-10,10.45,10.26,10.53,10.16,48838
2020-04-13,10.16,9.93,10.16,9.86,35050
2020-04-14,9.96,10.13,10.2,9.91,25399
2020-04-15,10.07,10.12,10.26,10.02,28288
2020-04-16,10.06,10.0,10.06,9.91,18330
2020-04-17,10.0,10.69,10.82,10.0,106722
2020-04-20,10.57,10.82,10.93,10.48,62410
2020-04-21,10.76,10.94,11.07,10.69,51575
2020-04-22,10.94,11.12,11.17,10.78,44937
2020-04-23,11.13,11.06,11.27,10.94,36957
2020-04-24,11.07,10.86,11.12,10.78,27696
2020-04-27,10.81,11.37,11.87,10.76,78000
2020-04-28,11.41,11.3,11.86,11.0,51056
2020-04-29,11.39,11.41,11.78,11.29,46901
2020-04-30,11.51,11.62,11.93,11.51,61589
2020-05-06,11.49,11.45,11.61,11.16,56912
2020-05-07,11.45,11.68,11.89,11.25,49982
2020-05-08,11.69,12.0,12.11,11.58,60405
2020-05-11,12.27,11.5,12.32,11.38,101680
2020-05-12,11.53,12.51,12.66,11.35,167677
2020-05-13,12.28,12.06,12.43,12.0,82147
2020-05-14,12.06,11.94,12.57,11.75,73564
2020-05-15,11.86,11.86,11.91,11.66,48011
2020-05-18,11.76,11.8,11.9,11.52,36879
2020-05-19,11.9,11.76,11.95,11.69,28417
2020-05-20,11.76,11.72,11.98,11.67,37818
2020-05-21,11.71,11.86,11.94,11.67,34435
2020-05-22,11.81,12.48,12.66,11.74,102184
2020-05-25,12.28,12.88,12.99,12.25,81906
2020-05-26,12.78,12.81,12.98,12.6,53645
2020-05-27,12.8,13.32,13.71,12.61,87168
2020-05-28,13.11,13.43,13.47,13.07,56184
2020-05-29,13.26,13.33,13.51,13.13,56598
2020-06-01,13.33,13.33,13.61,13.24,73343
2020-06-02,13.29,13.01,13.44,12.97,60650
2020-06-03,13.07,13.12,13.41,12.94,57673
2020-06-04,13.17,12.83,13.18,12.76,56031
2020-06-05,12.85,13.53,13.96,12.56,130032
2020-06-08,13.46,13.3,13.62,13.11,79745
2020-06-09,13.11,13.23,13.49,13.11,40996
2020-06-10,13.16,13.41,13.7,13.01,59135
2020-06-11,13.43,13.48,13.66,13.18,52952
2020-06-12,13.07,13.32,13.56,13.04,42307
2020-06-15,12.83,12.04,13.06,11.99,102026
2020-06-16,12.01,12.44,12.45,11.92,59904
2020-06-17,12.35,12.27,12.44,12.2,22893
2020-06-18,12.26,12.41,12.58,12.11,35733
2020-06-19,12.41,12.48,12.62,12.32,29010
2020-06-22,12.48,12.32,12.51,12.18,29375
2020-06-23,12.29,12.4,12.57,12.22,22881
2020-06-24,12.31,12.26,12.41,12.23,19280
2020-06-29,12.26,11.96,12.26,11.93,19919
2020-06-30,12.06,12.47,12.57,12.06,36571
2020-07-01,12.47,12.81,12.86,12.42,38752
2020-07-02,12.81,13.25,13.37,12.7,53106
2020-07-03,13.24,13.19,13.39,13.03,44475
2020-07-06,13.24,13.98,14.2,13.18,87134
2020-07-07,14.1,14.7,15.2,13.86,112638
2020-07-08,14.56,14.91,15.22,14.42,83528
2020-07-09,14.82,15.4,15.41,14.61,113277
2020-07-10,15.08,15.15,16.14,15.08,160080
2020-07-13,14.97,15.09,15.32,13.62,119771
2020-07-14,15.23,15.86,16.11,15.04,152673
2020-07-15,15.74,15.16,15.74,14.93,87003
2020-07-16,15.24,15.08,16.24,14.76,188418
2020-07-17,14.82,14.61,14.83,13.82,114456
2020-07-20,14.91,15.12,15.6,14.91,83679
2020-07-21,15.16,14.76,15.24,14.53,61987
2020-07-22,14.76,14.5,14.76,14.41,59812
2020-07-23,14.32,14.47,14.51,13.97,43141
2020-07-24,14.5,14.89,15.3,14.4,77864
2020-07-27,14.91,14.19,14.94,14.0,52639
2020-07-28,14.23,14.13,14.44,14.0,27193
2020-07-29,14.09,14.33,14.33,13.7,47039
2020-07-30,14.4,14.06,14.41,14.0,37882
2020-07-31,14.03,13.83,14.16,13.68,56328
2020-08-03,14.1,14.6,14.66,14.04,111063
2020-08-04,14.6,14.33,14.61,14.15,64337
2020-08-05,14.21,14.33,14.42,14.03,37842
2020-08-06,14.33,14.14,14.36,14.05,35444
2020-08-07,14.14,13.87,14.16,13.69,36680
2020-08-10,14.0,14.19,14.25,13.92,33892
2020-08-11,14.2,14.2,14.77,14.18,63046
2020-08-12,14.1,14.94,15.09,14.1,125112
2020-08-13,14.99,15.45,15.76,14.66,152902
2020-08-14,15.45,15.32,15.85,15.1,89494
2020-08-17,15.38,15.47,15.66,14.94,99525
2020-08-18,15.48,15.63,15.74,15.32,82006
2020-08-19,15.45,15.26,15.63,15.0,81105
2020-08-20,15.15,15.3,15.5,15.01,52040
2020-08-21,15.39,16.48,16.8,15.39,190342
2020-08-24,16.5,16.22,16.5,15.73,110459
2020-08-25,16.17,15.84,16.29,15.69,87189
2020-08-26,15.76,16.03,16.3,15.35,95211
2020-08-27,16.0,15.69,16.16,15.55,45808
2020-08-28,15.43,15.69,15.88,15.42,55330
2020-08-31,15.7,15.58,16.11,15.51,55197
2020-09-01,15.5,15.38,15.84,15.18,56650
2020-09-02,15.44,15.66,15.87,15.3,88998
2020-09-03,15.54,15.5,15.78,15.43,48999
2020-09-04,15.21,15.67,15.7,15.08,53085
2020-09-07,15.74,15.0,15.74,15.0,60703
2020-09-08,15.02,14.93,15.14,14.67,40179
2020-09-09,14.64,14.19,14.75,14.11,47828
2020-09-10,14.37,14.0,14.42,13.9,30152
2020-09-11,13.88,13.99,14.17,13.81,26397
2020-09-14,14.03,14.1,14.21,13.93,23179
2020-09-15,14.13,14.13,14.14,14.01,24431
2020-09-16,14.33,14.33,14.62,14.2,64413
2020-09-17,14.27,14.01,14.29,13.95,34998
2020-09-18,14.0,14.23,14.26,13.87,32609
2020-09-21,14.24,14.4,14.4,14.17,30314
2020-09-22,14.28,14.06,14.28,13.93,28790
2020-09-23,14.1,14.03,14.1,13.95,17475
2020-09-24,13.98,13.91,14.15,13.86,21848
2020-09-25,13.86,13.54,14.03,13.48,28041
2020-09-28,13.6,13.54,13.73,13.46,15715
2020-09-29,13.64,13.36,13.64,13.32,24982
2020-09-30,13.36,13.41,13.41,13.24,17091
2020-10-09,13.6,13.33,13.6,13.01,44877
2020-10-12,13.26,13.42,13.44,13.09,49061
2020-10-13,13.32,13.51,13.56,13.1,44942
2020-10-14,13.31,13.16,13.4,13.14,34460
2020-10-15,13.09,12.84,13.16,12.84,39532
2020-10-16,12.88,12.53,12.88,12.42,42861
2020-10-19,12.52,12.58,12.72,12.47,22044
2020-10-20,12.53,12.6,12.64,12.5,14214
2020-10-21,12.6,12.76,12.82,12.57,21117
2020-10-22,12.75,12.61,12.76,12.55,14363
2020-10-23,12.62,12.52,12.69,12.45,15029
2020-10-26,12.4,12.04,12.41,12.01,26787
2020-10-27,11.91,11.8,11.95,11.73,22618
2020-10-28,11.8,11.82,11.84,11.48,23491
2020-10-29,11.7,11.8,11.92,11.57,19040
2020-10-30,11.77,11.39,11.89,11.36,25123
2020-11-02,11.52,11.21,11.55,11.0,42914
2020-11-03,11.2,11.46,11.5,11.14,31734
2020-11-04,11.64,11.25,11.65,11.19,28475
2020-11-05,11.28,11.5,11.5,11.23,29623
2020-11-06,11.49,11.53,11.76,11.42,39376
2020-11-09,11.57,11.72,11.81,11.49,38680
2020-11-10,12.5,12.0,12.8,11.82,113061
2020-11-11,11.91,11.74,11.91,11.7,53560
2020-11-12,11.72,11.7,11.89,11.64,36032
2020-11-13,11.71,11.9,12.05,11.63,45211
2020-11-16,11.98,12.12,12.17,11.84,32818
2020-11-17,12.17,12.05,12.31,11.99,33686
2020-11-18,12.08,12.35,12.45,11.99,48354
2020-11-19,12.36,12.86,12.97,12.25,78722
2020-11-20,12.85,12.9,12.98,12.67,38776
2020-11-23,12.76,12.45,12.86,12.44,57118
2020-11-24,12.5,12.48,12.74,12.42,35138
2020-11-25,12.52,12.44,12.76,12.44,27729
2020-11-26,12.38,12.48,12.57,12.38,19378
2020-11-27,12.41,12.46,12.54,12.31,17009
2020-11-30,12.42,12.2,12.48,12.19,28684
2020-12-01,12.29,12.64,12.72,12.19,40668
2020-12-02,12.66,12.57,12.69,12.52,25801
2020-12-03,12.57,12.58,12.68,12.49,17095
2020-12-04,12.58,12.47,12.62,12.36,24216
2020-12-07,12.48,12.31,12.49,12.3,13313
2020-12-08,12.36,12.06,12.36,12.0,23874
2020-12-09,12.06,11.71,12.06,11.61,28656
2020-12-10,11.68,11.75,11.78,11.59,13039
2020-12-11,11.75,11.53,11.75,11.43,24039
2020-12-14,11.53,11.56,11.58,11.4,9761
2020-12-15,11.6,11.84,12.05,11.6,29565
2020-12-16,11.75,11.65,11.77,11.55,15828
2020-12-17,11.65,11.73,11.78,11.5,14492
2020-12-18,11.7,11.92,11.96,11.67,19958
2020-12-21,11.86,11.73,11.88,11.7,21371
2020-12-22,11.64,11.32,11.73,11.24,31908
2020-12-23,11.25,11.21,11.34,11.18,19673
2020-12-24,11.23,11.06,11.3,10.97,20850
2020-12-25,11.1,11.1,11.2,11.05,13718
2020-12-28,11.05,10.37,11.05,10.33,65960
2020-12-29,10.38,10.34,10.56,10.3,29478
2020-12-30,10.33,10.28,10.42,10.2,21589
2020-12-31,10.27,10.91,11.1,10.25,49472
2021-01-04,10.91,11.63,11.75,10.9,80609
2021-01-05,11.52,11.47,11.7,11.35,43686
2021-01-06,11.3,11.12,11.36,11.08,37551
2021-01-07,11.02,10.62,11.18,10.53,40216
2021-01-08,10.55,10.76,10.94,10.53,24748
2021-01-11,10.7,10.4,10.7,10.25,40099
2021-01-12,10.35,10.5,10.5,10.26,22211
2021-01-13,10.54,10.5,10.54,10.23,25796
2021-01-14,10.54,10.62,10.9,10.42,29941
2021-01-15,10.61,10.77,10.83,10.57,18916
2021-01-18,10.72,10.76,10.86,10.67,16835
2021-01-19,10.7,11.03,11.3,10.65,36762
2021-01-20,11.01,10.87,11.09,10.82,21804
2021-01-21,10.83,10.76,10.92,10.7,23982
2021-01-22,10.72,10.6,10.72,10.51,17339
2021-01-25,10.58,10.46,10.74,10.38,21581
2021-01-26,10.46,10.66,10.85,10.46,24251
2021-01-27,10.58,10.93,10.93,10.58,30147
2021-01-28,11.1,10.85,11.3,10.8,37223
2021-01-29,10.77,11.19,11.37,10.77,53193
2021-02-01,11.3,11.25,11.45,11.06,44435
2021-02-02,11.04,11.01,11.25,10.89,31284
2021-02-03,10.91,11.04,11.38,10.89,32690
2021-02-04,10.99,10.71,11.16,10.58,32918
2021-02-05,10.58,10.41,10.76,10.39,29634
2021-02-08,10.46,11.23,11.28,10.44,52754
2021-02-09,11.05,11.25,11.3,10.97,37622
2021-02-10,11.28,11.65,11.68,11.11,52873
2021-02-18,12.0,11.62,12.37,11.5,105015
2021-02-19,11.48,11.58,11.64,11.34,55700
2021-02-22,11.55,11.31,11.56,11.27,52280
2021-02-23,11.2,11.59,11.82,11.18,53806
2021-02-24,11.59,11.61,11.79,11.41,38764
2021-02-25,11.59,11.43,11.68,11.41,24943
2021-02-26,11.22,11.28,11.47,11.2,23490
2021-03-01,11.29,11.63,11.84,11.25,36232
2021-03-02,11.65,11.48,11.71,11.44,23240
2021-03-03,11.46,11.7,11.8,11.42,29202
2021-03-04,11.64,11.69,11.86,11.63,30614
2021-03-05,11.65,11.92,11.96,11.59,30968
2021-03-08,12.01,11.72,12.09,11.71,27843
2021-03-09,11.78,11.68,11.98,11.24,43880
2021-03-10,11.75,11.43,11.8,11.38,23249
2021-03-11,11.47,11.63,11.69,11.44,22281
2021-03-12,11.59,11.69,11.85,11.56,22606
2021-03-15,11.7,12.2,12.29,11.64,60888
2021-03-16,12.34,12.88,12.93,12.2,96721
2021-03-17,12.89,12.77,12.89,12.61,47908
2021-03-18,12.66,12.8,12.93,12.61,37416
2021-03-19,12.64,12.53,12.9,12.45,44323
2021-03-22,12.64,13.31,13.34,12.42,80941
2021-03-23,13.31,12.96,13.39,12.87,57261
2021-03-24,12.86,12.93,13.19,12.82,39259
2021-03-25,12.88,12.83,13.25,12.8,35629
2021-03-26,12.83,12.92,13.2,12.79,33346
2021-03-29,12.85,12.85,13.35,12.83,41962
2021-03-30,12.81,12.59,12.85,12.48,38690
2021-03-31,12.49,12.64,12.74,12.49,19549
2021-04-01,12.73,12.51,12.73,12.45,21062
2021-04-02,12.54,12.62,12.83,12.42,20365
2021-04-06,12.66,12.29,12.72,12.29,31165
2021-04-07,12.34,12.36,12.48,12.25,21419
2021-04-08,12.32,12.32,12.47,12.25,21818
2021-04-09,12.28,12.37,12.54,12.2,24883
2021-04-12,12.4,12.53,12.53,12.25,31217
2021-04-13,12.42,11.85,12.54,11.8,53679
2021-04-14,11.86,12.16,12.27,11.81,33817
2021-04-15,12.18,12.02,12.21,11.96,21444
2021-04-16,12.09,12.52,12.64,12.02,46115
2021-04-19,12.42,12.97,13.02,12.41,61856
2021-04-20,12.97,12.91,13.2,12.85,49738
2021-04-21,12.85,12.95,13.09,12.77,34439
2021-04-22,12.98,13.33,13.72,12.95,83090
2021-04-23,13.32,13.2,13.41,13.09,52048
2021-04-26,13.07,13.1,13.55,13.0,56217
2021-04-27,13.1,12.87,13.2,12.74,37113
2021-04-28,12.9,13.31,13.44,12.74,58756
2021-04-29,13.2,13.07,13.35,12.98,36216
2021-04-30,13.07,12.96,13.29,12.75,43120
2021-05-06,12.71,12.22,12.8,11.75,109340
2021-05-07,12.18,12.2,12.59,12.1,50129
2021-05-10,12.2,11.96,12.34,11.8,48762
2021-05-11,11.83,12.14,12.32,11.82,43922
2021-05-12,12.02,12.45,12.58,12.02,45289
2021-05-13,12.36,12.55,12.78,12.36,39004
2021-05-14,12.61,13.29,13.33,12.53,90888
2021-05-17,13.39,13.31,13.64,13.22,91902
2021-05-18,13.38,13.24,13.57,13.14,58106
2021-05-19,13.24,13.32,13.57,13.2,51903
2021-05-20,13.32,13.32,13.46,13.28,40591
2021-05-21,13.2,13.39,13.56,13.11,50066
2021-05-24,13.3,13.59,13.84,13.19,56174
2021-05-25,13.79,13.64,13.83,13.46,53049
2021-05-26,13.53,13.48,13.69,13.3,58615
2021-05-27,13.49,13.51,13.8,13.48,48631
2021-05-28,13.94,13.31,14.02,13.23,85517
2021-05-31,13.23,13.27,13.37,13.08,43368
2021-06-01,13.32,13.75,13.85,13.22,54130
2021-06-02,13.76,13.28,13.79,13.27,48909
2021-06-03,13.4,12.9,13.45,12.89,47521
2021-06-04,12.94,12.88,13.05,12.8,32511
2021-06-07,12.96,13.21,13.31,12.78,38479
2021-06-08,13.21,13.57,13.68,13.13,57537
2021-06-09,13.57,13.61,13.74,13.35,41164
2021-06-10,13.7,13.4,13.7,13.35,35601
2021-06-11,13.41,12.71,13.53,12.68,73823
2021-06-15,12.72,12.29,12.76,12.22,46087
2021-06-16,12.26,12.1,12.29,12.01,45487
2021-06-17,12.03,12.07,12.2,12.02,30113
2021-06-18,12.04,12.26,12.36,11.95,33639
2021-06-21,12.16,12.25,12.28,12.11,23912
2021-06-22,12.27,12.4,12.55,12.27,37609
2021-06-23,12.4,12.41,12.62,12.3,37408
2021-06-24,12.39,12.2,12.41,12.2,30084
2021-06-25,12.2,12.01,12.26,11.92,46826
2021-06-28,12.01,11.94,12.16,11.89,32826
2021-06-29,11.94,11.87,12.04,11.87,33296
2021-06-30,11.89,11.66,11.94,11.43,66314
2021-07-01,11.64,11.66,11.85,11.54,52680
2021-07-02,11.65,11.31,11.76,11.2,62568
2021-07-05,11.31,11.04,11.41,10.95,75681
2021-07-06,11.1,11.19,11.19,10.92,43091
2021-07-07,11.18,11.25,11.28,11.1,32214
2021-07-08,11.24,11.09,11.28,11.03,32814
2021-07-09,11.15,11.22,11.35,11.02,38935
2021-07-12,11.27,11.18,11.41,11.16,38216
2021-07-13,11.25,11.3,11.34,11.12,35017
2021-07-14,11.3,11.0,11.3,10.99,43775
2021-07-15,11.0,10.89,11.04,10.79,33160
2021-07-16,10.9,10.99,11.04,10.89,24184
2021-07-19,10.95,10.83,10.95,10.73,28907
2021-07-20,10.75,10.77,10.8,10.69,20586
2021-07-21,10.83,10.73,10.87,10.68,24831
2021-07-22,10.68,10.72,10.74,10.56,27569
2021-07-23,10.69,10.5,10.69,10.49,34136
2021-07-26,10.49,10.16,10.49,10.12,42298
2021-07-27,10.4,10.27,10.52,10.2,40539
2021-07-28,10.15,9.86,10.18,9.8,40876
2021-07-29,9.9,9.97,10.04,9.87,23102
2021-07-30,9.88,10.04,10.04,9.76,31484
2021-08-02,9.93,10.03,10.1,9.75,28314
2021-08-03,10.03,10.01,10.15,9.98,21478
2021-08-04,10.0,9.96,10.05,9.91,22723
2021-08-05,9.98,9.91,10.0,9.85,18286
2021-08-06,9.8,9.45,9.8,9.4,55560
2021-08-09,9.45,9.66,9.71,9.4,25463
2021-08-10,9.64,9.72,9.73,9.58,18212
2021-08-11,9.72,9.7,9.78,9.67,16202
2021-08-12,9.7,9.71,9.84,9.69,19294
2021-08-13,9.71,9.6,9.71,9.56,17862
2021-08-16,9.6,9.69,9.81,9.6,21373
2021-08-17,9.75,9.73,9.98,9.68,43008
2021-08-18,9.8,9.77,9.83,9.68,20824
2021-08-19,9.73,9.78,9.83,9.71,16951
2021-08-20,9.73,9.78,9.8,9.61,20636
2021-08-23,9.77,9.95,9.96,9.76,28163
2021-08-24,9.96,9.98,9.99,9.9,19460
2021-08-25,9.98,10.17,10.23,9.92,35611
2021-08-26,10.2,10.17,10.25,10.07,32733
2021-08-27,10.16,10.1,10.23,10.06,25233
2021-08-30,10.1,10.02,10.17,9.94,27827
2021-08-31,10.0,10.17,10.2,9.98,27322
2021-09-01,10.17,10.46,10.5,10.17,48080
2021-09-02,10.45,10.39,10.51,10.34,24820
2021-09-03,10.39,10.62,10.71,10.34,40773
2021-09-06,10.67,10.72,10.94,10.63,43987
2021-09-07,10.71,10.86,10.89,10.7,31306
2021-09-08,10.84,11.05,11.07,10.84,46309
2021-09-09,10.98,11.05,11.08,10.91,27635
2021-09-10,11.03,11.0,11.28,11.0,42115
2021-09-13,10.82,10.87,10.95,10.56,49354
2021-09-14,10.97,10.67,10.98,10.63,36650
2021-09-15,10.75,11.1,11.15,10.6,54622
2021-09-16,11.11,11.0,11.24,10.89,36536
2021-09-17,11.22,10.77,11.22,10.6,40235
2021-09-22,10.59,10.7,10.94,10.57,28877
2021-09-23,10.69,10.89,10.94,10.69,29102
2021-09-24,10.89,10.76,10.95,10.74,25621
2021-09-27,10.85,10.64,11.11,10.45,44233
2021-09-28,10.6,10.56,10.76,10.47,30625
2021-09-29,10.5,10.6,10.8,10.48,40029
2021-09-30,10.65,11.19,11.22,10.55,96617
2021-10-08,11.4,10.85,11.49,10.77,106779
2021-10-11,10.8,10.43,10.83,10.37,64697
2021-10-12,10.39,10.15,10.39,10.08,43803
2021-10-13,10.17,10.13,10.19,10.03,26503
2021-10-14,10.14,10.64,10.66,10.09,69486
2021-10-15,10.56,10.37,10.77,10.37,42731
2021-10-18,10.37,10.41,10.54,10.35,26232
2021-10-19,10.41,10.21,10.45,10.2,28501
2021-10-20,10.21,10.07,10.23,10.07,24348
2021-10-21,10.13,10.0,10.13,9.94,22050
2021-10-22,10.0,10.0,10.12,9.97,14171
2021-10-25,10.01,9.82,10.01,9.76,22016
2021-10-26,9.85,9.87,9.91,9.78,13536
2021-10-27,9.9,9.64,9.9,9.6,17837
2021-10-28,9.6,9.61,9.69,9.55,15009
2021-10-29,9.63,9.81,9.88,9.6,19408
2021-11-01,9.75,9.69,9.76,9.6,19214
2021-11-02,9.69,9.5,9.73,9.45,20208
2021-11-03,9.48,9.58,9.58,9.48,10779
2021-11-04,9.61,9.7,9.71,9.55,12059
2021-11-05,9.71,9.71,9.79,9.6,16410
2021-11-08,9.75,9.82,9.89,9.75,18015
2021-11-09,9.83,9.87,9.87,9.75,13007
2021-11-10,9.91,9.88,9.94,9.76,17314
2021-11-11,9.87,9.93,9.96,9.83,13629
2021-11-12,9.89,9.92,9.96,9.87,11866
2021-11-15,9.95,10.05,10.08,9.9,18231
2021-11-16,10.04,9.97,10.13,9.96,15736
2021-11-17,9.97,10.07,10.09,9.92,13102
2021-11-18,10.05,9.89,10.08,9.88,15843
2021-11-19,9.88,9.93,9.95,9.82,12100
2021-11-22,9.95,9.9,9.97,9.88,11289
2021-11-23,9.9,10.04,10.07,9.89,19186
2021-11-24,10.05,10.15,10.22,9.97,21235
2021-11-25,10.15,10.05,10.16,10.03,14663
2021-11-26,9.97,9.92,10.0,9.89,17877
2021-11-29,9.76,9.76,9.84,9.71,19921
2021-11-30,9.76,9.92,9.92,9.75,14270
2021-12-01,9.89,10.05,10.16,9.86,19885
2021-12-02,10.05,9.95,10.07,9.94,11770
2021-12-03,9.95,9.99,10.04,9.93,9902
2021-12-06,10.0,9.95,10.03,9.9,10375
2021-12-07,9.94,9.97,10.03,9.91,15458
2021-12-08,9.98,9.97,10.0,9.91,14695
2021-12-09,9.98,10.05,10.1,9.98,21177
2021-12-10,10.06,10.29,10.35,10.04,45072
2021-12-13,10.3,10.22,10.36,10.18,25595
2021-12-14,10.19,10.42,10.57,10.17,43297
2021-12-15,10.42,10.43,10.51,10.32,24253
2021-12-16,10.42,10.57,10.63,10.36,33014
2021-12-17,10.52,10.42,10.6,10.37,26293
2021-12-20,10.46,10.31,10.53,10.27,19345
2021-12-21,10.21,10.54,10.54,10.21,34031
2021-12-22,10.54,10.53,10.7,10.49,26860
2021-12-23,10.5,10.4,10.54,10.35,26683
2021-12-24,10.39,10.45,10.57,10.35,28931
2021-12-27,10.4,10.59,10.61,10.2,33922
2021-12-28,10.56,10.51,10.63,10.46,20795
2021-12-29,10.44,10.65,10.65,10.38,32100
2021-12-30,10.6,10.82,10.88,10.58,45807
2021-12-31,10.82,10.82,10.88,10.7,35522
2022-01-04,10.79,10.97,11.05,10.66,54087
2022-01-05,10.96,10.89,11.05,10.79,38014
2022-01-06,10.8,10.83,10.92,10.75,22582
2022-01-07,10.83,10.62,11.05,10.59,41312
2022-01-10,10.59,10.73,10.76,10.41,28926
2022-01-11,10.8,10.59,10.83,10.57,27917
2022-01-12,10.7,10.95,11.22,10.61,71104
2022-01-13,10.96,11.08,11.2,10.84,53176
2022-01-14,11.1,10.91,11.23,10.8,39298
2022-01-17,10.91,11.06,11.13,10.91,39622
2022-01-18,11.05,10.83,11.12,10.78,38462
2022-01-19,10.83,11.03,11.23,10.8,60625
2022-01-20,11.01,10.68,11.09,10.64,58641
2022-01-21,10.83,10.99,11.25,10.67,92322
2022-01-24,11.34,11.03,11.51,10.91,109419
2022-01-25,10.92,10.33,10.94,10.3,89570
2022-01-26,10.35,10.49,10.74,10.35,66188
2022-01-27,10.39,10.02,10.43,9.98,61653
2022-01-28,10.19,10.85,10.99,10.03,120345
2022-02-07,10.34,9.97,10.41,9.86,132824
2022-02-08,9.94,10.46,10.5,9.92,105406
2022-02-09,10.44,10.47,10.5,10.34,55186
2022-02-10,10.47,11.21,11.33,10.44,147428
2022-02-11,11.07,10.93,11.18,10.93,80207
2022-02-14,11.0,11.59,12.02,10.97,226732
2022-02-15,11.65,11.28,11.78,11.18,137233
2022-02-16,11.26,11.25,11.37,11.12,77770
2022-02-17,11.18,11.0,11.31,10.93,64309
2022-02-18,10.97,10.95,11.01,10.86,50334
2022-02-21,10.98,11.13,11.13,10.84,57773
2022-02-22,10.96,10.77,10.96,10.56,68804
2022-02-23,10.86,10.78,10.92,10.73,38742
2022-02-24,10.7,10.4,10.84,10.2,73423
2022-02-25,10.46,10.39,10.53,10.3,32564
2022-02-28,10.38,10.43,10.44,10.2,30893
2022-03-01,10.44,10.57,10.62,10.41,34119
2022-03-02,10.48,10.53,10.62,10.43,23471
2022-03-03,10.63,10.64,10.83,10.54,40935
2022-03-04,10.59,10.6,10.81,10.46,37857
2022-03-07,10.49,10.48,10.67,10.4,29911
2022-03-08,10.5,10.35,10.75,10.25,40724
2022-03-09,10.35,10.19,10.47,9.82,46803
2022-03-10,10.31,10.5,10.63,10.22,40733
2022-03-11,10.35,10.49,10.5,10.14,33478
2022-03-14,10.28,10.03,10.39,10.02,31828
2022-03-15,10.0,9.48,10.0,9.43,46708
2022-03-16,9.58,10.12,10.18,9.53,57199
2022-03-17,10.24,10.15,10.36,10.11,41115
2022-03-18,10.12,10.49,10.59,10.02,48292
2022-03-21,10.43,10.4,10.55,10.3,37026
2022-03-22,10.29,10.43,10.49,10.29,26855
2022-03-23,10.41,10.4,10.5,10.33,20872
2022-03-24,10.37,10.1,10.37,10.0,33218
2022-03-25,10.13,10.09,10.27,10.06,19890
2022-03-28,9.85,10.12,10.22,9.85,19838
2022-03-29,10.18,10.01,10.21,9.97,19301
2022-03-30,10.1,10.24,10.26,10.02,23508
2022-03-31,10.1,10.19,10.35,10.1,16890
2022-04-01,10.19,10.48,10.59,10.1,37946
2022-04-06,10.46,10.64,10.74,10.38,38392
2022-04-07,10.63,10.38,10.69,10.37,23467
2022-04-08,10.4,10.28,10.45,10.11,25338
2022-04-11,10.16,9.95,10.23,9.89,35789
2022-04-12,9.95,10.54,10.68,9.92,56835
2022-04-13,10.41,10.42,10.55,10.27,43172
2022-04-14,10.43,10.63,10.71,10.4,43659
2022-04-15,10.64,10.4,10.66,10.32,35844
2022-04-18,10.37,10.74,10.82,10.17,55248
2022-04-19,10.8,10.82,10.84,10.58,40881
2022-04-20,10.75,10.85,11.02,10.7,57629
2022-04-21,10.76,10.37,10.85,10.37,50729
2022-04-22,10.43,10.11,10.53,9.92,55794
2022-04-25,9.95,9.32,9.95,9.27,63455
2022-04-26,9.32,8.91,9.53,8.87,44573
2022-04-27,8.8,8.91,8.92,8.41,50124
2022-04-28,8.82,8.61,8.86,8.46,38847
2022-04-29,8.62,9.17,9.22,8.6,49127
2022-05-05,8.99,9.07,9.18,8.86,33883
2022-05-06,8.87,8.94,9.02,8.8,21049
2022-05-09,9.0,8.99,9.12,8.91,18543
2022-05-10,8.95,9.15,9.16,8.81,32849
2022-05-11,9.2,9.29,9.7,9.15,60937
2022-05-12,9.23,9.62,9.62,9.19,44956
2022-05-13,9.61,9.9,10.34,9.61,79982
2022-05-16,9.86,9.9,9.98,9.75,51139
2022-05-17,9.79,9.66,9.87,9.62,31583
2022-05-18,9.71,9.62,9.8,9.58,25178
2022-05-19,9.49,9.6,9.63,9.43,22000
2022-05-20,9.63,9.62,9.7,9.53,29921
2022-05-23,9.62,9.57,9.85,9.56,25611
2022-05-24,9.54,9.14,9.68,9.11,35395
2022-05-25,9.17,9.94,10.05,9.15,115360
2022-05-26,9.96,9.98,10.1,9.78,79847
2022-05-27,9.98,10.03,10.27,9.95,62040
2022-05-30,10.13,10.31,10.45,10.11,65410
2022-05-31,10.33,10.23,10.39,10.15,61853
2022-06-01,10.16,10.27,10.39,10.1,50068
2022-06-02,10.2,10.09,10.2,10.0,31777
2022-06-06,10.02,10.03,10.17,9.97,33976
2022-06-07,10.04,9.97,10.09,9.87,23778
2022-06-08,9.97,9.9,10.05,9.73,37287
2022-06-09,9.86,9.71,9.87,9.66,27855
2022-06-10,9.7,9.75,9.83,9.66,30135
2022-06-13,9.66,9.6,9.68,9.49,27124
2022-06-14,9.54,9.63,9.64,9.36,19537
2022-06-15,9.66,9.68,9.8,9.58,29831
2022-06-16,9.64,9.81,9.87,9.63,33596
2022-06-17,9.81,9.63,9.81,9.54,33252
2022-06-20,9.63,9.86,10.0,9.57,47800
2022-06-21,9.86,9.87,9.94,9.74,29806
2022-06-22,9.87,9.6,9.87,9.6,21208
2022-06-23,9.62,9.72,9.73,9.55,17621
2022-06-24,9.75,10.1,10.18,9.7,68319
2022-06-27,10.18,10.42,10.76,10.16,89074
2022-06-28,10.53,10.58,10.66,10.34,72799
2022-06-29,10.59,10.51,10.82,10.51,62908
2022-06-30,11.01,11.21,11.56,10.8,201799
2022-07-01,11.22,10.52,11.3,10.45,144927
2022-07-04,10.55,10.46,10.73,10.44,69050
2022-07-05,10.46,10.49,10.77,10.35,51121
2022-07-06,10.43,10.14,10.54,10.09,46399
2022-07-07,10.14,10.18,10.33,10.1,30875
2022-07-08,10.3,10.13,10.38,10.09,28267
2022-07-11,10.03,9.99,10.09,9.91,32139
2022-07-12,9.98,9.79,10.0,9.77,23127
2022-07-13,9.83,9.84,9.9,9.73,19270
2022-07-14,9.84,9.74,9.84,9.7,24609
2022-07-15,9.72,9.42,9.73,9.4,38898
2022-07-18,9.39,9.55,9.63,9.39,19225
2022-07-19,9.61,9.65,9.73,9.57,21014
2022-07-20,9.66,9.75,9.87,9.64,32348
2022-07-21,9.72,9.69,9.84,9.66,22932
2022-07-22,9.71,9.72,9.79,9.56,22227
2022-07-25,9.7,9.64,9.79,9.59,17584
2022-07-26,9.71,9.79,9.82,9.66,23908
2022-07-27,9.73,9.88,10.01,9.72,37128
2022-07-28,9.88,9.82,9.93,9.81,23220
2022-07-29,9.82,9.86,10.05,9.79,35746
2022-08-01,9.86,9.74,9.89,9.68,22483
2022-08-02,9.66,9.28,9.66,9.16,43137
2022-08-03,9.28,9.16,9.41,9.16,21864
2022-08-04,9.2,9.31,9.33,9.11,13236
2022-08-05,9.31,9.39,9.43,9.29,15164
2022-08-08,9.35,9.38,9.42,9.3,10362
2022-08-09,9.37,9.32,9.37,9.29,10085
2022-08-10,9.35,9.29,9.36,9.25,10015
2022-08-11,9.29,9.46,9.48,9.29,19350
2022-08-12,9.69,9.53,9.7,9.5,31912
2022-08-15,9.53,9.44,9.59,9.4,16065
2022-08-16,9.44,9.47,9.5,9.4,15368
2022-08-17,9.47,9.57,9.58,9.4,19386
2022-08-18,9.5,9.41,9.5,9.25,20945
2022-08-19,9.41,9.37,9.52,9.35,20781
2022-08-22,9.39,9.5,9.52,9.28,19169
2022-08-23,9.44,9.55,9.55,9.43,18881
2022-08-24,9.54,9.53,9.67,9.5,33139
2022-08-25,9.57,9.58,9.6,9.35,20632
2022-08-26,9.58,9.62,9.69,9.52,21114
2022-08-29,9.52,9.72,9.83,9.36,32676
2022-08-30,9.72,9.71,9.81,9.65,25239
2022-08-31,9.6,9.63,9.82,9.58,33382
2022-09-01,9.72,9.46,9.79,9.46,28187
2022-09-02,9.6,9.62,9.74,9.55,26131
2022-09-05,9.58,9.57,9.71,9.49,15359
2022-09-06,9.59,9.66,9.68,9.53,17213
2022-09-07,9.6,9.48,9.65,9.45,21727
2022-09-08,9.5,9.63,9.79,9.48,38538
2022-09-09,9.61,9.55,9.67,9.38,26866
2022-09-13,9.55,9.69,9.73,9.53,22627
2022-09-14,9.58,9.64,9.66,9.53,14409
2022-09-15,9.66,9.73,9.9,9.64,44699
2022-09-16,9.68,9.64,9.85,9.59,29606
2022-09-19,9.6,9.5,9.68,9.39,27417
2022-09-20,9.5,9.79,9.83,9.5,32745
2022-09-21,9.78,9.71,9.78,9.53,26005
2022-09-22,9.63,9.47,9.71,9.45,26921
2022-09-23,9.48,9.19,9.52,9.16,32039
2022-09-26,9.17,8.99,9.21,8.95,26175
2022-09-27,8.99,9.32,9.37,8.85,36205
2022-09-28,9.26,9.12,9.47,9.08,26000
2022-09-29,9.18,8.83,9.23,8.81,30616
2022-09-30,8.84,8.75,8.87,8.7,17917
2022-10-10,8.72,8.47,8.75,8.46,20157
2022-10-11,8.54,8.45,8.54,8.31,13865
2022-10-12,8.46,8.55,8.58,8.32,16272
2022-10-13,8.53,8.55,8.64,8.48,12975
2022-10-14,8.59,8.65,8.69,8.59,14113
2022-10-17,8.59,8.71,8.71,8.59,15256
2022-10-18,8.73,8.8,8.91,8.7,25215
2022-10-19,8.78,8.68,8.81,8.67,12835
2022-10-20,8.66,8.79,8.88,8.61,17687
2022-10-21,8.75,8.75,8.8,8.7,11609
2022-10-24,8.75,8.47,8.81,8.4,19739
2022-10-25,8.47,8.52,8.53,8.36,9078
2022-10-26,8.51,8.68,8.73,8.5,14557
2022-10-27,8.62,8.75,8.8,8.61,12782
2022-10-28,8.71,8.44,8.73,8.42,13680
2022-10-31,8.51,8.67,8.81,8.5,24184
2022-11-01,8.68,9.0,9.08,8.68,28914
2022-11-02,8.97,9.19,9.38,8.96,44072
2022-11-03,9.1,9.17,9.24,9.07,18414
2022-11-04,9.17,9.36,9.5,9.13,32019
2022-11-07,9.07,9.41,9.48,9.06,31692
2022-11-08,9.45,9.39,9.45,9.3,21420
2022-11-09,9.39,9.39,9.49,9.35,17217
2022-11-10,9.36,9.53,9.58,9.34,20856
2022-11-11,9.58,9.57,9.8,9.44,38905
2022-11-14,9.62,9.53,9.64,9.48,21029
2022-11-15,9.51,9.67,9.75,9.51,23553
2022-11-16,9.69,9.79,9.86,9.65,32761
2022-11-17,9.78,9.95,10.02,9.73,34021
2022-11-18,9.9,9.82,10.08,9.81,28077
2022-11-21,9.8,9.6,9.88,9.54,30801
2022-11-22,9.69,9.45,9.69,9.42,19821
2022-11-23,9.57,9.63,9.8,9.46,40110
2022-11-24,9.6,9.4,9.69,9.37,24319
2022-11-25,9.4,9.48,9.6,9.38,16403
2022-11-28,9.43,9.68,9.78,9.3,28757
2022-11-29,9.73,10.18,10.24,9.63,70506
2022-11-30,10.14,10.18,10.2,10.06,43105
2022-12-01,10.55,10.31,10.6,10.17,57323
2022-12-02,10.3,10.53,10.59,10.22,44917
2022-12-05,10.74,10.84,10.95,10.68,59484
2022-12-06,10.76,10.75,10.99,10.64,43132
2022-12-07,10.82,10.91,11.07,10.56,52748
2022-12-08,11.0,11.02,11.07,10.82,53665
2022-12-09,11.0,10.74,11.0,10.63,47189
2022-12-12,10.7,10.73,10.82,10.63,30001
2022-12-13,10.72,10.87,11.19,10.72,48458
2022-12-14,10.82,10.99,11.11,10.81,40673
2022-12-15,11.08,10.83,11.09,10.76,35637
2022-12-16,10.72,10.81,10.88,10.66,29807
2022-12-19,10.76,10.69,10.89,10.47,48621
2022-12-20,10.71,10.37,10.76,10.35,25721
2022-12-21,10.38,10.65,10.7,10.34,37241
2022-12-22,10.72,10.6,10.85,10.54,29681
2022-12-23,10.54,10.62,10.89,10.51,25302
2022-12-26,10.78,11.02,11.39,10.62,55069
2022-12-27,11.14,10.76,11.17,10.66,53710
2022-12-28,10.76,10.77,11.08,10.58,39374
2022-12-29,10.74,10.58,10.85,10.54,27154
2022-12-30,10.69,10.97,10.98,10.61,37974
2023-01-03,10.97,11.04,11.37,10.95,65468
2023-01-04,11.02,11.22,11.27,11.02,44751
2023-01-05,11.16,11.01,11.33,10.94,41633
2023-01-06,11.04,10.47,11.07,10.42,67217
2023-01-09,10.47,10.62,10.75,10.47,38503
2023-01-10,10.67,10.74,11.06,10.5,46442
2023-01-11,10.81,10.44,10.81,10.41,34749
2023-01-12,10.41,10.29,10.48,10.23,23445
2023-01-13,10.39,10.5,10.54,10.27,23278
2023-01-16,10.52,10.59,10.72,10.37,42473
2023-01-17,10.59,10.5,10.79,10.42,33496
2023-01-18,10.63,10.83,10.95,10.57,52731
2023-01-19,10.81,10.97,11.0,10.68,47869
2023-01-20,10.96,10.94,11.0,10.79,39419
2023-01-30,11.3,10.51,11.3,10.48,81404
2023-01-31,10.5,10.29,10.5,10.22,51483
2023-02-01,10.28,10.34,10.35,10.23,27101
2023-02-02,10.33,10.29,10.38,10.25,27600
2023-02-03,10.27,10.19,10.32,10.11,27099
2023-02-06,10.18,10.27,10.28,10.11,36142
2023-02-07,10.25,10.18,10.28,10.13,24524
2023-02-08,10.16,10.08,10.28,10.07,21624
2023-02-09,10.07,10.17,10.17,10.07,17924
2023-02-10,10.15,10.29,10.45,10.15,37551
2023-02-13,10.3,10.39,10.39,10.24,28471
2023-02-14,10.39,10.28,10.4,10.24,25567
2023-02-15,10.28,10.28,10.33,10.25,16709
2023-02-16,10.32,10.22,10.49,10.12,47440
2023-02-17,10.18,10.2,10.31,10.18,25750
2023-02-20,10.2,10.31,10.32,10.1,17541
2023-02-21,10.33,10.3,10.37,10.24,22961
2023-02-22,10.22,10.27,10.3,10.19,9125
2023-02-23,10.28,10.2,10.29,10.15,16845
2023-02-24,10.17,10.25,10.26,10.13,13909
2023-02-27,10.25,10.19,10.26,10.15,12915
2023-02-28,10.19,10.25,10.31,10.17,15097
2023-03-01,10.27,10.31,10.31,10.21,31742
2023-03-02,10.27,10.38,10.39,10.27,26727
2023-03-03,10.38,10.4,10.4,10.3,21171
2023-03-06,10.38,10.55,10.57,10.37,38808
2023-03-07,10.53,10.46,10.6,10.46,29598
2023-03-08,10.44,11.51,11.51,10.38,198360
2023-03-09,12.4,12.66,12.66,11.58,392373
2023-03-10,12.48,13.18,13.81,12.4,430404
2023-03-13,12.5,12.89,13.19,12.1,322056
2023-03-14,12.96,12.96,13.1,12.44,193669
2023-03-15,12.77,13.2,13.41,12.62,194521
2023-03-16,13.17,13.14,13.75,13.04,228584
2023-03-17,13.3,13.18,13.83,13.04,235043
2023-03-20,13.38,14.5,14.5,13.38,276671
2023-03-21,14.31,15.03,15.72,13.81,261539
2023-03-22,15.25,16.53,16.53,15.14,247359
2023-03-23,16.1,17.75,18.18,15.98,294760
2023-03-24,17.75,17.68,17.91,17.2,195452
2023-03-27,17.01,18.99,19.15,17.01,248473
2023-03-28,18.34,17.99,19.24,17.09,210659
2023-03-29,17.5,18.28,18.71,17.1,147598
2023-03-30,17.66,18.09,18.44,17.54,81131
2023-03-31,18.09,19.9,19.9,17.95,159931
2023-04-03,20.0,21.65,21.86,19.68,184852
2023-04-04,21.29,20.88,22.6,20.31,196477
2023-04-06,20.78,22.91,22.97,19.91,232582
2023-04-07,22.9,25.2,25.2,22.31,189340
2023-04-10,26.0,27.72,27.72,25.53,220897
2023-04-11,27.6,30.49,30.49,26.95,211124
2023-04-12,32.0,33.0,33.54,31.02,212684
2023-04-13,30.57,29.7,31.77,29.7,244852
2023-04-14,28.61,29.84,31.44,27.54,300121
2023-04-17,28.9,27.35,28.9,26.95,209131
2023-04-18,27.13,29.57,29.66,25.86,283509
2023-04-19,28.34,30.1,31.68,28.1,280463
2023-04-20,29.11,32.8,33.0,28.22,272659
2023-04-21,31.76,31.95,34.6,31.12,233638
2023-04-24,30.83,33.3,34.1,30.8,188204
2023-04-25,33.0,36.08,36.53,32.7,212662
2023-04-26,35.6,38.15,39.54,34.5,229898
2023-04-27,38.05,34.34,41.0,34.34,280213
2023-04-28,32.01,35.41,36.5,32.01,233234
2023-05-04,34.99,38.95,38.95,34.29,202258
2023-05-05,39.5,40.42,42.33,37.8,231321
2023-05-08,39.0,38.6,40.32,36.72,196970
2023-05-09,37.72,37.17,40.26,35.99,185714
2023-05-10,36.81,34.79,38.3,33.5,209455
2023-05-11,34.9,34.49,36.23,33.1,219243
2023-05-12,33.45,32.03,34.4,31.5,195237
2023-05-15,32.59,32.88,33.33,30.61,245519
2023-05-16,33.12,32.3,35.4,31.46,271264
2023-05-17,30.75,29.3,32.5,29.17,283416
2023-05-18,28.92,30.42,31.14,28.68,221575
2023-05-19,29.98,30.69,31.55,29.72,164220
2023-05-22,30.16,31.58,31.8,29.5,169675
2023-05-23,31.4,28.42,31.4,28.42,230448
2023-05-24,28.24,28.45,29.21,27.38,244815
2023-05-25,28.0,28.4,28.45,26.88,189509
2023-05-26,28.28,29.11,30.14,28.01,282584
2023-05-29,28.9,28.28,29.49,27.87,220772
2023-05-30,27.7,29.97,30.34,27.56,285801
2023-05-31,29.58,29.35,30.57,28.81,218390
2023-06-01,29.17,30.59,31.8,28.85,330305
2023-06-02,30.52,31.53,33.33,30.28,305116
2023-06-05,31.77,34.68,34.68,30.58,292232
2023-06-06,34.2,36.0,37.63,33.59,377846
2023-06-07,35.25,39.6,39.6,34.3,268389
2023-06-08,40.0,35.64,40.99,35.64,375654
2023-06-09,34.0,34.99,36.47,33.7,301150
2023-06-12,34.94,34.32,35.48,34.17,167211
2023-06-13,34.44,34.68,35.36,33.42,197474
2023-06-14,34.1,32.75,35.0,32.03,268263
2023-06-15,32.84,33.48,34.2,32.2,247556
2023-06-16,33.31,33.62,34.09,32.19,161990
2023-06-19,33.78,32.65,34.2,32.4,204799
2023-06-20,32.5,32.27,33.19,31.81,211021
2023-06-21,32.38,30.44,33.05,30.3,214182
2023-06-26,30.22,27.6,30.77,27.5,270222
2023-06-27,27.68,28.54,28.81,27.5,176515
